$ANSIBLE_VAULT;1.1;AES256
61643162313739656464343236353064623436626531666363666337623439346538663861363632
6136363834336434363065346535643565343334643332320a363663376639366261663963613461
64326235303837396434656165383439643164653137376330613366353832613136353539336437
3338616335353634340a376430393132393334376464323538323266343436333738643363643134
32333761633431303562353838653366646661393562343865356332303432643461636137313765
30666135333861366530306234343634656161383136646364666434623039323137636132383464
64366431326266353861643831653333393763656235626130316537393536353734643230343966
65346131663162346631613561626639633233346133323738646536663437663030353562373637
32653765306632663433306566626130643331623936346561343639633763616433613763386438
37623734303330663737383035313562323437376433656662643163323361653639353939366139
32643134663939333831363361346639613439666230356230653131353537633731386566383262
65626133316437343137613063343038323665373261353130346161313137316434306638616438
36396436653561356563623730633738663061343030373463313362343835623434353331386333
62633630366166623466306136663632346431633832313939623334643363346632316532306466
32616162353432653232366631333666323963343332376332613834376338613739346134373663
64616561363861366237326564303038613235636364613664316234316266346662626362303563
61656234656630336165656262653462613635326135613536346564323363323265623631643863
32616635346563643836653236363932623339313763656565616534633563303165623465643234
64323535323466623266396163393532316662393037323133303233356532356365643564613137
35316561336232333031383731636663313464373935373934376564323838666162313237383335
66656431366333353366346335373836393437633465343037343061353562353165323531343038
30643665623666653139393636316435626134383832616637623763326631666665303132316564
61383838616139353264376236383062383065323332626139616163303538383036343235376235
31323966373961633863386138633936353435306634396638643562626633373733626630393038
61666565303734386262646263393239343038616431303132623162303464346439313433656165
35356566613163633662393534396433376134383666366531376166326134636635633136626563
63336139623537663432353836336134626335353762363137613132626164656331626262636665
38626333663661366635383937346366343331626536646566623764613566666232666630653233
34326664656634666661626361353536636531323233393437323331623036626536323532643561
61313234343634333162623932663936303634646531326132636263333533343939383432303263
63616364623565393036656234303634363466343839383431613439343034623237663034333564
34383436373437333664636336353831333865366264346465653762323261646632323032333536
61336464336165376337336363343263303766363637313366393162323431663337323232336634
34623635353462666533353130663436633230303034313435386533346263306633353138336235
31313130383735333137313631326430396336333764346135346562306337613964643430646331
65376338633931653634373132626262363231396631616366376165633264623465333635646531
62663833613634393931316465333632336266376632636639343339626130663265316638343631
66363366333366383361613761633335663066386233663231306133663862623937663564633962
63313039386438316131396266656164373730323039626665353938656661353735356132633661
64303662613339366562353265366133663061326433623761663834306261393862396136636638
35636438653235663362386134393335623438626236616436666463323036313832663735373630
34366238613138636264383564303038616562626663323433623465323937343761613434616134
61623731376431393636316466383236316232306334363366306434633130643566663439326538
30366262326232356362323739633064396335623061316361363537623737366333643139353039
34393633653164633135613965633163356661333637363963666162333861343336393864323465
35623737323661383063313264303533363361366636626664393862353064613162646337396163
32313162333761663761633034313364646463326465386234626234633930363462346666373166
33613765333539386536343365623035633730666264313665353764333339303834333937653466
38303065633735343765333533346637666537336538626263373330333532376566616163343231
33316237623131636633386430383239303337393037373864346439336362363833383965323363
30623434633065623734303839613336663033626631376632656561373563643437666263346336
66303232663634653733366265396661663764356465303764303537326333623261373633626431
36303862643634336136363366303232633734303861333737323138343162656439333464386134
63373562303866346139356232653863633465623731346531653337396132313361633063616635
39346261333464633166653936326332383032346363393066376562313238313733363663343832
35323430353038346139313432393433356561633764656632376163333263303661303136393434
34366534653966343632323235316332643639376262313537386264626162336664633330326264
65613862336662663130346663396535613566636139346537383063393064383039616332396139
30613062303932393433356666393866306464343135343630323231313066626139633533343534
35646531333062343461343237623639633764303363333639326136393235396434353765353133
32303161323365343835656665383862353764626634383938346233396535653738656135633232
38383161323338623034646461316637613763643437313466313034376237346163306532616564
66343661316266346661343163363039336533623233376333396365393031386638393535313738
31623535393134326461643334636236616637363331363132333735353933323135373161336631
36313061346634383739633737623531623361623638653361333137623930313239663633643333
37386232333365626132306162663335356631376436303233666334613032303366343061663766
63346138383863366430306539653564386561656463643831303135363261613664373565386166
64353539666336653234313864386665336164383166626366613437383638383838313538613161
33656163323630303862643033303532356538333265663231613034303365366136333635333965
64336165616564346332626434636463306433333636353164653031316436323239363763356137
66633133333933653234633230303438373165383938393833306530386163626539363938306462
30336136663835613762346135323237316536633065313232303532626138633633333965383230
37373339333538393139383933613663333233633365363861666261343964353637393536626138
35626531393262323265383233356561643461643737363239326533663030363331346130653230
64653434656236316566653831373062633835353334343036313733353763356231643437643631
30323464376366383861353031313265653235306133396162333035656462356263346334633066
36666432333737356561623834396261313166306439646261346633343732353739636533316463
34323233623462393761626638653462633030356463646631316431643763653236656436636465
63373536353737653963353166306431613963376533613430643336343035313633356132636461
30363465373734326362336664353239636136653932356162613538663131643736393036386366
38303437626134303365633162393934303665643932663639633464343732396339646633663138
63333863643532346535326339313165336565323763363836346432663638326465343266343837
62313762366236613861613639653639336664303962636330356163646138663937346365373931
63613662313361323937623430323364616261313232656138646330326436356563323739343139
38656133656230666634343737643232323064393335643838613638326233373135383566393638
64633938393834356238663436313161643836393137366534616633393336623365613264623836
64336263363431623161626233353839613337313161396432336631353761353939666333626435
33613834363761646665656430376633656231323631346161643436643266306632666532653830
38363135343566343134316339343136336234316664363238636132356339356364356662323265
31393466363235633463616266393638643733666566366663366134663031333061373832353231
65663237613832616463383433323436303461623261666237636466326132633565346132666564
63643132323861373637373539636266616266323737646265336462323361666136356561303431
34616562353264633364386534396330346335363537623363663130616437626263333362303863
36396262323438316237376131643332303561653637653539313430393934316665613532303164
37303537366566323131643165333432646464656238366361616162633063616539323365303162
32346338643130306139653833343737646233323766356333353434353333333837386336663031
66643065333535643639393938623965663464623535383235366132383839636636373361343631
66316264303265336131356239356265326164653962616436306465336338613963633162353935
62313937313837623466376462356135343763636133356461623333613936323237633930333131
33666332656363636238323738333539343937656330313962303535653764346437633837366238
39306666623163386438323539323764653863653862326234303136626438326332353138396339
39353031616539306237353532353033336238353064663464633036363830366631313731313161
66306365363235633934663265353038343430363836613134303632646331383064306434393331
38303430636534333937373866366630353065666236373161346634326231383131343237336263
38393761316233306132336233626235343335643037373463336335623737613936373238653738
63363534326665356436386163373064383933376464626136663361356465653537353233333139
38633831323835343130626363393432363637396364343230306436396230396361303834633363
37353839326137326564353638383262646232393730656462333262396637633934363464376533
39626631313165646266326633326333653833343662396537323662393864613765613532346430
34373333306433383066316133663162396332306231336639353662353833343238346633383034
61626235663930643737366566366436616439326238303232383835363439386261373961333333
36333439373738393464373462353239646530383539306665353137323330343134303839393333
33666438363862653637393864313839663037346530306234633363633866326539663735633435
37633637326361386331303664623739383263356131623261346262346364366564623732623631
31663331306362343730623265383361336232353032373666386566386264336336366537386265
32663238656661323666633866376564323732633263656530626337303835666563636261616331
66346366323934316338366338653632386433666163666137316164303333366661636165376334
36386363366132653534626331323930663564626263393765333934623564376436666634363465
64383135653062386339303839376561356637666330666334656435656466353863626262343638
37396630646534646164386435303839616535373364646632613535313834386263646134373961
66626539643433306261396566393936383539353165373736653734643264643930663064326137
61393337333135626439333962386130353730313534336262623536363239316638663363656263
66303434613033376138643164326666623463306630313332316666376363316633653830333836
36643133366237366339356464313134383764633439636538333031626232353364363436306334
62663065353763653736613737333665346637303430613532613965653665613439653535626531
38653461336430323530663935356263393139323933306662643435626565363065643935383634
39346136663037373362646534366538313761646163623138303434333634616236663635333338
38353661396238373630623766333339303136373832303235376566313336363734613363613765
61323938613832336238383035316263663530653764373034313137303461373731663339343061
30393433643961363162356564663237623164343730366233613831653036656638333335386139
66303566346337326338623936353466383864656164336361623632353333663432346666393639
37343966316563656438353636663061656562643761316630653738383537643262613839383065
66356166343034396137653930666364303533333163353234643162646466386536636430646464
66656665376362346364626237373665393434346462613833396338666565666334343836313763
30326130363637623134643933343837303435363033353461313466616166633134326462346265
31326432663432336661383162633332366137636630353866333238343764613261316236303061
66303265663564343030366532343038313935383763363266376664333965653134366532636565
38363266333632333638626335353136393766323032343466656238663439353535313235613239
30393264663563376461323232356231643765336136666438636464326264363364303464393061
34373139356335626464346138623861373061323036633638656238666332383834393061643832
63306361646566393735633432393238383561633735626133356661316139316630663936613537
66613963353330373031336365303137323066323733653966343764613861356432636466366565
61393264333364613837353063353438383533653866613162373133333539613435373864653765
35323732623365666437386130393030623764613161373733613737366636383163356339666139
37363932643234366339613661393739306433623861346363353961326562383762383963383931
33646565316530366661616432613732313161393064393765343934323031313633623065356464
65343732316530623335653034616165343331303838633264373734376435383537653436366366
62386561626636663261373335363033343934656632623239363931313333343263383161616534
64343265653033613561363932656234326138343735323266386438616433336161666433626334
30333266376336623232623165386337633065646633303431613633393535363363623434333330
34626532633634393639656337386232333730373631616135353464393836353264313638643335
38656263626438356535383461376534333936393031353131386534643063383836373537636461
64363435393866653865653664346131363938623437393063396639636338316361333138663265
35613064666630303938653334313633626536626666646561323665623832613330653830666530
62633635663436326432313262636330383738396466356165666433313638663535626337323432
35616136633734643936616365333538633236616163613864323362396162306439353861613266
65366330343262653033666232333336356333363061623332306661643039316335313330633430
65663234646266653532613962363735343662393462306236663937343461353535663137623563
65356463363335323239633132656339333666393661303866653432616235323638643939373265
64396138633366646434333431623665643562663337653632623239343931323064303730633866
30336532336337383466633736333430333865353335643262626232356661313632306534313235
32373136323731376464363464376563373434616465653638326139613139643437323166666334
33396561393638646462306239636165313037636238633238353532366161623837303964323134
35373362366230383164383061316161343638386365613231316366316631636530626133346662
63323333376637643562333464646538353165366430343666356134343832333539633632323239
36656563636137393862313138393236373532393565393938656332303462636163303236656430
32636261393539393463313961613531326232643530666535376664333532663638666138393235
33373535326135333237393830386638353863666336336631653432613663306439323230313465
39373434616532356566383463613462336330373733326162653838353863333634346531633961
61383638323038323066656266363864626633636363353838333238313130646438646266613662
35363233333262666635383033326566366237306563623261663837356331623139663365316262
66386334626236313135633431396431376334363539663637653838366163316130343462343364
39613866386362393435393866383966386462396238383339613766363537396530643062623834
31316664393066316539653931303135306438643836333832346636373262646264363839363139
39623063366232326438303566636131313632333539386433626634653232363038656336623432
33376434333663303662306131643434323238393435626465623832316531633237656262653865
61643339656239353836633637623366346163633837376636623537633438613930336234326231
39383538643866623861646232313031646434306132636333323833316136323163646631393266
66326232666330336165663737616136643264303636316462396132323337386431393564623162
63656538353564613464353232393136333135656366306463643235653131323731353361663664
30393032663062633766343836363464616139613064306161643036336362393066313438323733
63306666663733313634313039333938346439633562613234353236663266306362643639636236
61336164623634343836666364663731636165663238616237653438376265663334333434646536
66316432323566303762646539353939323438623331663438663738396464326137333662383937
38303234663464623535646630656333376266313130323666633531363866366439373938346333
30323365623538306264343335633833393037623030386462363235333339323030646661376230
36643261343538633032343833646438613961363230376238386230383333316465326362343834
35313635346132396462623264643866343432653463613335393565333431353335373063613932
33363263396632653331623637386139626162383137363732613630626561383032306662383566
32363562376162663235643737343439616466373838303730626332393661656662353566653032
34656636613439393834363638643862373036653834663136626465316233633062323863356431
63383363626665353833393061353564643230343337323430323137313566393931376532323935
62303461383465366131363035653566623364306135623233313661633935656435383637623762
30326337303936336261303162363864346161613538393938306630366430356561393863613436
31303730643236343662353363613962363266656265336666383363353738396565373435343963
62363966323462623739393739313564616536643434366237623037366463616132393937323639
34316464383463383665343365653461633433656435626434333463666261326635313361396234
63343731326530383535613136323934303063633365313332386530343931356333306531306133
39346139336166393963616566316465393936326663393032376266353765356530313866613461
31313139316635613835333338366234663731616366383830396331383366333862396566656639
37656136376365636365386364313032373234353765373634366134313564393230633864626336
65373065366634356265356431613639383861653630363433663431643632353434653763343438
62323834656331613435666432326535323233656132663730633534663961396235336636303034
64353533323864373366616562613739666461613835626134363238323932316533333965323233
39383837396665363132373261363464626630363139323036626538643164646535386137666438
33343031656365306433383031396262643536363464373138393634376533613963636262666537
39633864616239366537303364383037653834623665303239626363346665333064656630393538
37623763353037373130316463353162386130616361333430376536393064353362356565366539
64666662656631396539623931336661366537376464666238623932333836383861363937643134
62386166303039323233623133376161383539383334343632663164653739626464306263333666
32333137306630313365333333313661323265386430626263613038353533353662333862316537
64653436363838343134333363363530633238623532656362663064323033343066653936653033
34373362346666346130336331313536303932346235393134373833356463376238353330393431
31366261616338663462313330346639356536373665336562323230653938656261666439383363
31386330623363623862303464656264643538643238343635346537393139663430343136363930
36353465356664353532616261313064613963333964623835386362313061353931356162656536
32333232626665373238306139613837643632386230316431336335353032653739616633343130
65383732373464333563313932333638663964353435633435393234336564383538396661646565
36393037363235356335313662313130653165366661616537383836363734666533616634383537
64306466373532643165613530646335663764313833376336633064323931356235363737623264
30363734333836346539633138666439333532343466316433653730373832643532356665356138
64386366313464656462383164383262383636383966343630396435323165366538666133313138
65626265396664396266663738633134353764383062663233393436646537363566643130616434
39643763636664343861383132626563336530623433346662356639333238313938333630663834
61306537616433363138363336383033373761623837626233356365323430653561633663363837
38303337646632363039643136643739396163613738303935663630646432316165626664623032
30303866313434353162333338656638343462393766373465343731623732326534623863633131
30343530636564623739303966613066646464323934336232663833636531356633393332376635
66316166623264643061643632333763623438313266353937323239626631623038336566313336
33343166306566653264653061396137303066663132633833363833623034633132303935653337
30663263333266363133663839626539643133356132313932306534636262393263323866336437
33656337396464623864376332616236373832393564323261333737316139313237363362326431
39346563363834313263353438643233313264393933393430626634393330643564326138303732
37373836333336323036386664336434373030646266333330356333636133303166353734663861
32366634663339306163666662306263633738326235373837306539303236666538313533376130
64653965353239613031666636646532386563656263313932393065313032653366333137346365
62343831326330346165616630323965643737633062613033363933666139656162373066323864
32326632336335636334656162343730333836306431636131326164643730666561333963356536
63346630303133316162333766363635653237373532366465343939363532646164636563313537
65626339303662303462383363653833643865333533613439333566373234643066336335376562
66346130353538316262326633323637343631623664393431353031316137323961393638383136
64616461633464663030636161333065333435353032333838633264633833666165303065353836
66323837656462323230333831316266346137346466626534316132303239626265636535333939
36343566656663663937306531396436303965346564383862343662376237313333633433333435
62383538393831353433363030656466386437653039376665313139346234643034353338653961
64613836303863643732306539396132666533636338306237333330313134386238393462393631
32623563353665376661343164336538363539326630303364313231393666643266343737353065
31303434383139386532313165356665613439363065656231653330333734626531353964646535
38323830306438653063353266643531666532623130363835316362346632363463356530616433
34383262313836616565653766386530383437363837653336376432633935356262623562303661
34366337303365613131666134373065313539333962366631646235353536316231663166336237
38623164316132343763303735316534383034343665303964653734306236616436353334313933
38616133623562663832663930356166383961303865396161373837326431383063613334623863
66346562356362316531643661626530316332393765633537366161363666386162356236346564
38376262326137643064316362613834636236643336383164363938323238333235303862653666
64383830366462653439643866363639303838663962623763373738633336396230306337613839
33333864386662656634633732646233643033373163313037323736633631643561633134346463
38313962326366663530663265333364376134363465613736613935363138363662313736316563
61633466666330336134666235383531396234353633626437353631643738366365616535333433
62303835666435653265396638313130343039336663303462393138653632393265663737363636
36643534393661636632316361643831633164623861353235636138313062343438313033363837
33343565326564306464363766396330353032623431313738663839316463306537383136393437
37366465656461373762383537626561376363643138333030653334626438376138623130646232
35333934393534653865323638633461386131663561613436383965326336323733343361613964
34663039306261636130333561343665366237353938386461613432623566333833616134323438
61363336383761313339376462326263336262356632323665333738333262623835336338633433
30663935323439363634363763653665646337616338323863623536623266316437663530653364
66336565343239313236643963336635313963653535353334643136636430393635353063393033
38313861663537386462326230623764643266333837373531633133323533373737353633666662
62343836393737303963356531386436316433663037663366363231383431356636303662313736
65373136616130336639613562383866633732633336363738613362623164613561646638363639
62616263646434323830346535363464313731616566363331643730306431643934656337343963
35383030646165656536393461363861653561353131353839643938633934373333613963633931
64646337356636316536653033623961613363373039633966333461656434343362386564643231
66623233643935326265633861333934646564636536336464303035643533343039646236353930
30616232393933613938656664313063633866353138363332613334666261633332306638356131
33363162336237653865386631396433326164343966626634303530336639643532326431663562
64386637626162616534616437323565393538663366303333666135646131643138623037396138
38386239313636653962373636356638383165633530626438356335396239613063303030663734
39353139623534636566333632613766303731313561623832323866393131623030336134353431
61613233313635623932356234313430613434663365303238646162666134393462623232623234
33616139303434633638393734633163343466353735353630303562346532363335646138323337
36393339633631613834663764626666663338386662323462633831363766333362633833623436
37653632383633373766643832646234333036373466313237663332346365333735633961316163
63626334393432346233356538303164643264353430376136353332343862373863306233356337
63396532316364343162306131323733653834656132646330386239376237303534333834653065
34663637323666373332316334383836326266313931663430313464396561363331613637363066
36373863623263663366393231363362656638633961613065613164393162313536383963666335
63623564306633336532383633633834666163323732373836353665663662333136343934376163
31636265316137353664373733616139613961613961373462666466376163623038646230666433
61376335613163366538306233303639393836353838613366643738643966353637323933383362
61326434613732616563336462646166643134646666366666383933323235333733316235623161
36363937656531643339646139326365353939623139666663356264323463653534643832646437
35393132376230343534306337386630656665636634323433343431306532366338383033336663
63316461353731323462353238346233386136626164636663613963323162383737353865306161
61353335643335636630323130303738643132313564633837333563623534656131313432323230
62356365333236393966653839623339343563336566343063323637373733303764643835303232
39333334373437623161343730336462613766646339346364336137303037383939623433613131
34363163656364353461623037353863363437633462646266343933623361623335333638613838
65363431653065356363333366666665663235376363656461613239666530363562386263313164
65336638376633363538343963366531323932663765653364306533646231393661373534366335
62613335386261366434633633323937663637336536333733393066353935633736353832633830
33323739346163396564316562643131363365366531646132663931396338333839656236373638
31353565363161643365306234663533373132613631343733656534353830353565323735646434
35623535373861383930393837643831653131643062396164626162616163363565323862626234
61633838356632653964326430323830303865326362396163666436663738366639396166313464
34623230376264663131643030383366366263323830623539376466333735643561363331343236
34353963646530646433623765616362383238343961376266396437653063353062363431323064
64393635623234653839393466353363383739623531356439343239623839633130333232306366
64346532613765643033393636333138343264396333623636666330653635396437393230376661
66633766616264613635613130623737653661646432316264383961333365653862326533366662
30313237376166623966313239643930386536386465653737653833623731353364376464663863
64313533333733326231353638393264386530343030396566353232626235353837363133373839
38306332633564363134366230313430303562376339353462396666643633663837383663656530
62633836316332396631646365386433626633346563343036626636656134663832663936353463
62313661393838363930663663623865336239643633383335383132623134343662383039393162
36383631316330653332353462653763323932383637306133613532346162306262613739313438
30393637316234666364646464303464643539386338366632386630396336646566323363363763
37323938383035333362346439353863613530303361313332636264313634363539356263383430
37326332376231373236336134343565376263646564623664313833323437333039303736323465
34383637376562313835366466343431343330616264616130353866373539333933393666313561
3333386334353431326336633537353232386131646636323562
