$ANSIBLE_VAULT;1.1;AES256
37306437313965616432616133326166393134613065386336346233386535326334663937353331
3561313631303436633566363031343935356532356637330a383032396639366163306164363933
62326365626431646337623332616330636533663566376363663132303561623534653661636236
6431323666373433620a316564376164613639636334383735356436313937343634656536323830
33323333343333333139653236303266653063363039653633636436323166306364373565303830
62326566613062616361646431623332383032313437663866616364626533656332616237383433
34393532633664616163386365613363363932353562393866333632643331653562656436386432
37383338343032376165613466663233383234646661313663313162643166356638323766353763
34333762343534316638343061623164636635626266393039616562393137396462366163366631
36616531623464313433333138653762393965343532616162353464636462333834356562313236
63333235353361366136626234656566343239663734663134333461333833646437393530653038
64343631373934633439303162623564376635666532333333663463343731313266333235303937
66333238633762626636643034633962373430346162396539636262353466323566363730396330
62613363373234633031363730653763376361626562333139313662326366313132306436623163
61613365316439396230313435366531616465633434393664373436333634663736623836626663
66626531323866663833353564323661343633616662633036633439663464663432623765393130
33336338656334623136383332343261643133306263336536346531656263323736613635336235
37663736383639383130386662306366616564623665356238353465346335383163323035343539
63366666663465653132396161356437376234633631356433653362663536366666383562303234
39626236646332383263376134356136386263653437346566363933623137306431636330363565
36353765333638313264333161666130326634356235653861393134353936333362346335663863
30333230363233633932346433666139643339613432636237336662326164363533613266613733
66613462336161366131393964363064623465386261623937636333666662333137623733303230
65663833366637653262323732663631663833313334366463373331333336306439386638616331
34353363376565383064333866643636346437623663323836316330323837343335313939393037
36653431613337333765316139383638653035396565386464366561326664623262376536366430
34613463333739646435376537653532623236323762663932663165396430646639356131363265
62346630613232396664373534333236376664396330623362383364663230323036666538626130
36663637663131373039663037643736643231346162613862616636383633333134653837656534
35323633636437633437353930363738393832613463363433333336313539613063366261396531
34333762363134373662316335303636313265333663383464623665326230663561343935663636
33323662326266653132653463653633343065636431636537663132626264393938333839323037
33343831346134323730373037396264326332353434353562333463343832643030656132643631
33323262613266353962616130373334643363386366323739643235316231316332313436333033
36376135383365633138383230343166373732343166366463313135616537366432366364336137
37323532653766623337366132623336313132333932666265366463376635363162346664303664
30396564666430373066316164356163346265336234386465653935306338333031303734626135
39623133333731663362376463613730333735363830393861616362656332636435663334633565
66663362356261353265313364363465343632323363303431383938613566636265353365663062
62353636323166316630373665643661346537623532303739646134316362326130383738663030
37633963333965613837333930613934653530613437653036386332643437343466366235306262
38393162643463643361343066633335393164653538353838393238303937336332326363343235
66343734393036663630666234363165393133376664326439336538353463313362393231356265
65333730616165656566336639656530313937373465336266316235306637336539376632666233
30336461653131326130363533623465356237656437376366653938663037653530356630343231
33353161666437353434636261386130333939663262626236313535633462363464363265333038
34623965656665343162636465306264396563353635313965316239393036336131383934653031
37323230646433316635313361623230303366303061623133656263323362323865646365353961
66326239626438656637353636383232373336313663383163613133363532393430643639326366
62336663623638366234343530303233346133326330343438313638653136333938626266393736
35643238383266316134636434306636386561316466343763653231333764316462356361383638
39343664353237373264363733376233386163646539306661386635656233386137626130343932
37363666633161306362386236613732663939386333366238346436343364376262633462366136
31346439383336343537356632336664346130663334653263653831363730313637313161633834
37383038636265663865346338373365643038626535626430326238663262303765333563666633
38396261333965643633356166643937613830336438343061336531656332643364313064393735
61333930623866326162353332343561633632623739303039346235393836646231303663396634
39306338633939623838646161386136623133623466323135613937353930333535383339383565
38393935656261303364303439333564666165643661653734656264313264336336326163383833
36626464633762323438373036303839626331353632636133363735326530336534373865306432
63363533653664663766323431376136353566353235393561623039653930623439323537386463
66316537613263376630656634333630353735666234636230343630323131326631363533666163
62626461646436373966646463363737353966663439613563343839346262386533383031363865
65303635653363393736353639343837326336363661323962616137663566626538303864303638
62613933366362366634356566643965386536626165383130373338666566363362666364346333
61323561346261333735326535343834333937656563663537633031326465643136663432393730
38656164613033373631626534333133636132393261313465306564643936633864626564663535
65373964343463616165313133653337393762376636633066613861623361616364343235646531
30363737383765623966363662633930396663386235633463326562636135366236636131656462
37333431393339343235386436663466323364633931333733616231346365393133303037653261
62656537643765393936663331653435383531343165356135303836393332396532643938386361
66356532363931363536633932306362376436646330333135366635353465363762643765326233
63626638643764616466653562386161643063353939663331393830393636336333363163326235
36643230616232323432316636633837633336316334336266333639653463326130396234343034
31346166313736303763343363623331363636326234333139353464343066393039343561326631
31306139353963323934336338333332323239323037363533656536313762336666316663363663
37333633373638633032633862323062373064376461636464636135643437653063663631663165
31653061333335376536353733653366313763303536393665623037343538346461663462636630
65313537306139643166333336356431313532333833636537613661626665313235616634616637
63393238376536376338616261393333623134616532646131366364303036613265623665363661
65393062383063383636346335623866343362373235363733613263663736383365333132663361
36316132323433613433646132653865333437323139306331306166613463633465643462316162
31633465306536333537383963393061663934333134313436333366333665376133303764633138
64616466643832613562363233326433393261613934336236353565366134313737646666303631
39366433646631613933386437336539386139373933336534313163623961323033373633613137
35333335383436316363393934386262306230323036643837616565396637323037613966363763
66656465343265663830336661396662643731626133313936393962633265613964623063663964
34643130313161333533666234613766363031656630373665633361643264373532613033643064
61363735353839636564316538666261346336383362326438636533633035333761653533373935
31323332373932666261663736376261356662383664383737383063346531653461376335313738
38383237376536633832633562666132663536633035333064323936363763326265363835626632
34323065656433326230633732353730303332383561663862666134353030616130373365383137
66363265333130363663613564313230363036393139323763656338316531303131396635663062
35356438623663376364346366303962363234313035323036626533663234366632366139373665
34363937376139383930663865353531363363353537346437656130376165373833303661323136
64333532356461626436393661363263343031393661323538396130623836396339633065616565
66323137663334356137653533613539336365616234616134396432643834393666373034653533
62633061373063636434323965623839633265383232373238323663656336666230626431656237
34343330613734363837366538633336396131306465323165393161363063306632353434376238
66616665643061343634653631613535656536323662323135633034653136326239363730366263
65616265653734386130313236343266373337626163353961616137373037393132613731653833
66313634646163623134336265616637303232636134393038386161616636343765633837656263
64363364313131616663343761386263643538656133306534376266373834326439633438373632
62636563346236346533636138353632356630633336353165623731623734313062336230396235
31343736343530633732633366316135356462373432303931323663366662373965663838373663
36373166366132646137363939353433393963343136653335393038636162663531653835393365
65646435323664343031356261383361313161653837393161303433373035623239323437613535
35633631663930333739363563663834663235393134386335303433613335616237663439616639
31346566363237393035616365306566643161323034616238663664353564653738373833626663
31366231656466343065316561626663343831366664643962653931663636336236393637363132
63313339346537373163613864353636653730393635663337613964313536363733373537613639
65653637396132396338616562353431363537383965336339373764663065336466346430386463
61303834363732326436316666633038363535373736636233386433346132333635353163623838
61316563323033383463306264626264373939646332333736393066346236643861343033353838
35376236626534663731363862396463353839346165393230643334633236643435626363623662
36333938663632303164323465333464626563643661613935626564666237656531383638366562
65346138343164646466383537356338316438306438393533386366346634313332376336316331
38323136396134656363326565373638393137333237623762393234393139653864393137323865
65326466306531613663373464356535656239633636623732646230303562326539333666353363
34643562383064613939633232366564333131616533623037373463323139333433383932363739
32393364393163356161393661316630653932323465616365383837643561303861346539353965
65393734336134666132666438616562643362633865336661303662643134623235363930366632
65396334666330303431386533643135383539646164316539336164616335646163363337343637
39396266646238316234633961346532633833376236333431336535396566316638346566656439
38376265653563653431356163373266306333666137353530326134623537663330363330313031
65626666393633316330393439323936366435393661666232333432303562643431333838306436
61326433303133643932366430333531306432343438323461313833396232363963353837633963
63383832363932326230653461626534353363396662613932636534343263636333613936366634
66623766363261646363386137376530616435313238313437633464373138636139373761306237
61383763383735316561336561653535303437323535663062613130333238336561316135623032
30653538343163343239663036323531333064363031383431636533303631633861373763393866
36376530393531326664666635306166646636383132666466383034623238653166333737333233
39613230393835376461386163306133323935386461613162653234646539633931623232356162
6365663232643038356331663233353862393635366338613639
