$ANSIBLE_VAULT;1.1;AES256
36323864636663366364663233383364316432663333636463333633393864326364383833333066
3433353631333238346666623638326564663834623266620a343032346362306364613861646534
64316132306636316236303839636635363361303463623634356132666265396334623936396663
3066313837323463660a303633356635323462663533336236396664633839356533363664313732
34393264303634623663386164363564383033613535613066343339343931653033623633303931
30363363626630613834363636393863616366616565343865666339386664363731316331343336
61313432373264386437653161383664626163376333363539343533373265356566613434373836
39663739616132643463343532326562303234643732313964643830373535326238303465643238
39393361356339323430633833363434313664396539613333356432653464356231323161333632
66623338303464663237396538333830363165303661653633303338623562643236393266623937
38323536306334653030623665313661396634386331663830663831393462303735356265396638
39633831633861653566376539363736313633343831336337623132353963393135613161373233
32393533643662386463343434353666396462323865396466356639306339663866323363386465
64333635636264613432343937306465323833376163373363313762356435333036396635386264
33333763633161663737393365656264396135656562623638333838613164383130643835633438
30386263386565366365346664323639633462333433636263636436366634323932663765346338
35353237363033383037633239336265623738366331663864306164333533613865373861343735
31353561326131386361353930626139646461613334383461326133656464396436303734323638
66616330306638646630666537336665343439386237613364643635646662626461343361323464
62363134646335356331383937653265393861636466666561656638646132323738643137663436
38346534333461326164353065336333376561373564663530626337316536316362383836326563
66373266316563393832643237386235323863366530643464306238383263333234363930626637
35623237636232316662353237396530663036333935363364646262343230376433333031363230
35656463653933333464613133623661313036616361613532353262626433353362313139363939
62306631626431613033643934613463323632346432393536396161316239323762323330393334
63386130626165353338333661653539346234633064633631323034326562616664306361646266
37303061343861316262663561353164326438393538353862393130396137363538313436643938
38656665303063386533363761383837303231633166613836323533333132623062626331653439
63666237643161623430373038393366623131363864643335643731613661346536636437376533
39623536353237626231386632613861323837323438303536326130613864393663643161393633
32353237636334333862353130643239353533376236613130353839333537653161396261313532
61663730353735373436383966623831623133613138636132663535333130613534303062353836
63626630313439623239616366303362623062343532336639353837633834363961383935346562
31653261373831316238636232316435383264366533633636613264653864613466363033646235
31313831666238396263336463386462363362353663363164376131333134333131623034326336
63323839303066636336373566656131623437313561353863623033363233353139373238663964
39336230303663336466613338663165363834613837313536386530323362613131653634343364
31386638316661663235653737333933366630363763613566623531383039363462373838663135
37303136343938386331303963626136373035393037343166633530663335303537626362396263
61343635373538313337343030646563303866633961663230393738366563653033373734363534
66663137613734336639646435383463666438313939303266396630323362303264313461646362
64316235666234323162653639363362626133316231383365323631373361326562303734333533
34653263633537653066396532663261663865363065376263366638633165373633666437323433
63653462623962383062363263343433636263393930366333393735356165613961366662326538
65656361356531306162316330643738323666343463323034663762623532373137343338336534
33616561336531623839636238643066353535396637343439313932633733303066336366373638
61356434346666346639343233313965396432653635306637656633383562333539306466663231
38343363663033323032643635663939326364363262303537353433326635373038613736323332
30663861613932383863346266303338353535363334373030386636346163646238363738343239
62663363623630663664326564373639356334616634356638373636366433303262643232343632
38643466613439393037376365326535323738383230646664633565353532633036353237376164
64633030313339663764366666663438383239343862613261363737373831646336373963666238
32336364616132323630663163323663633231633436343630323933616464346465643735656433
36363230613631373564613762666565373835666164626632663337613363366633373331336636
39366637333237373765316130636632656131343630396362373835663064653039653436613364
37303361333262383231653137646136323739343833373062336332623832376633653265663436
65613363623264633362616339616230363736376639636639386234363830623735363362636232
64613230383534343139326361623866613164363737353735303237393932626530356134326663
32396334306633326139373238633535646165613033336435386639313533343536666636363239
63636636363261343233643132616630646433663932323131366166613361653362653465333062
30643334613138383062356166373334313266396265323065316431356565333432393335323262
32373864306265373338623031353238356338653539313035626436386466343833383964343730
37303930383431396635396463643461323937346461313635656538306630333036393839336332
64343538346131333862383265393534393435626537393433333039656536326535323262623937
38356666663261663934303933306462313539323362646235336463386332653333613531376335
33633063333064656461326661633366373266633132643561323161323666313634663333346263
37373564633637346365306434326231363538663762636234373437666261663765396633643135
65323263356134363766663036303764623962623437346131316461626666323062336265366539
62316261353831616531366262666161343266323635323434653962323935663364386263323365
65333535363964643337313961316665383538646266666531663662336638313133353837633465
33326231386166393862376632616261303738323163633930616232646532323739363236323039
33313034323737326263333263383830636535323761663933663738376539363838396666303837
66373564353164363866383930336339303638323933396632653761336330643337393730386132
33386262653030663538363763313064356436653634663638623532393735393165356562336165
36356236613939333338653430613565306364663766303061303630336565326130646235646664
37333631373065643235623236663036323230373937333236633964353664613736643262653565
64376433333965353066623862306565353034613035353066313364383063613661666538306364
32623839316263643437646539323066393532616366333835656534616461336662643232346534
34383662393232333934393964373466303831336438353064366232323462333437343938376236
35613761613333336365313364303861393635316263393762333730383666383763306137613866
63333765663661326437323335383134353835366532623338313233656131396531616164636364
64656264363234663338356265623766313036313265626332376433656235646639393138646139
30323861323166616563323534393164386636303132373463353065616536626365663036386633
61623637336164623164336239353662616539353533333332333334323937333036333931333837
38643166353333343631386565373964383037306330333130396634346237323930363565396138
63643233383165343164366165366234613331626463326465313532613631633431303562633931
66633464623962393635613631393532323430383433666430613637623363656139623238396130
33316334393661393362316331326532643031313866333437396261353734373231363031636436
35343836363966643731343166363532636237333630383562316432313239656161383838393661
61613266643964316434336236613761383832663862313139636564376335663536353637356631
39643361326635393566623463623935366632666662326265633133666663396462396464623537
36643737366233373935356164363931633936323863623334623635623633356139633266396135
33336361333735393064316661363461316661363364633531323237316663316364333432323532
34653264323439303330633662346435316364356364353762616538313635313161646339383165
31613835353061396566613537396631333539303537383634613632383261663334376236653236
34663335386137346365646363636566373738316439636335663335356334653861303330656232
32376639613130666666303332386136623665336637353863653661356433356235326134336637
65383638353132353333363635346365326466313961653836373438643864353532626566663837
38636161356436353336316131303238333236336130383436646239393364643164336461623532
38633932616139383761656261353232623662333638653165626633363439663035343631333161
66336135386535313731306561326330623461396639353230393233373534626233626230323534
65643034366335316531643037323034393236373263643933366331316430633037383130656432
32346539383339376665626262366336343835656435303362666635306465656434613462306630
38633635613761323533316636316539633534646231373437646365653365626266306166656262
37366439633036623638656234653931383832636230353930303032383163656462333162386238
61333037393761383762393330366232373238303535303733643538363737653966333033623937
39396437386631653636643839323133336238633532636537613532636563633663313933393338
62656531653266333139643232323530393761393863356333656662666138383139633136333634
37383630633331373539343766306335353265373363326263323466626136303832666233333661
38633238386664613563363839383662326635613735393433643638346665393238623864386630
32313131386364396434653438326630386464346434623062343465353538656136343664613932
62393938636638383635616134336466393037323232313866363635626164306438643365653064
36623637666531616138303766363930656134333931323062393235356337346334356164643962
37636339656237343538323462663339613431386631383434396232616364656162336331366161
62656639343031323466616561313835366137316164306437623336376235323265633336353263
37316664663564363134333738383733663166643261303262363638386363626633643239623161
32363134353265313938323937323834356636383431616366343339376462326163353239396363
66663330356462323866643130306233326263663136646631633761613565376331333732326137
64393539373539666336653465333539326633663263623837663738386565373030303365363066
38373132346632323866643563376436653837306133366533366266316430393939366362643131
37376264646361656434376438656565653536306366623532633166333363333964366438313932
32613136376561353165383662633463313433666634643464316564313661393364616331303836
34656535613063356333363230343537386333363639643161663863343731376139306562323536
39316433613232346234306565656432343131383462646261376235653435313539656364356532
35313438363133336235316461386132656135383332666134356639396135643631313837653431
63383462383831396439646530666537633764336163663463383065613933323235663132636636
38363033616437613765626162626637353763393339303935663062356438383664386237343137
39313639663032633434386536646434333230653061376263643261326466643735373731373866
34303261633865393134656233666238323166393264386537346563326231373236343136333364
33616663386463303837303734656430633736633936326634636466383734643965616365373564
63616364636439366264343361306131313637363238616366626261316461303563393937313234
35656466666666646238313939343161386337663362626630376430376438353365636131393864
39393066353135376463386264346464613139623362353663386537326133326538306438623635
64303530643363363261663666303065303264646634623231613636343932623736396461653264
36383063366535356533316662353163346234353762613064343063383064316632323062616633
64313537363031636266376536323136386565656636656335306331363762306433363434396130
37356538623536333936636135313036316438333433326462386630616463646465353934333933
63333335373032643061643364653434646662316530633662376133393939336132633464363033
39653365636534643265386235343662313734353865633230313730643339396439376238373764
31313965366662666137323466356430326231376232346166323066356539323038366536656131
36336233616463386535663431353434353533343238313433313937666362653131623662313337
33353466633831363362383135323237313662333663313861313537376332353838333139353961
30313562353161643638646233303634623762343837366533393737316334663937646232393939
32323831326338363538376639356462393732313930633364666263356564363565346365316135
33333335663538353265663731393562666432353436343039393132346162383530656138623161
61643764346233616431326139303237613238616164323030626164336431396365393231316665
35623763343665653032636162303436343166666337616237326666636432343066333330653930
62313931633631396363613837653338626136373537373937306436316132653563663231303162
65663634616236353438313639356563363833346332323837626365323633656130393232633863
62396463373736383735663733333636363965343435386331663432373435373765626535326634
65303739636236323331386566363239633230663762303336383961626266316631643133363963
63656435363236303330616265613461383637636262623437336235626436383835326334356537
38303236313238336531333262333766633738363333653164303333346130623663363532396339
36613939646565376163383035346461333063333533303861623431353036363763396236636661
36313030653761303238343761616135333838623366396166366564636462346436323034396465
32363866313766636535323232643833633965376438656530306633626630646636343139613236
35653732616338313037393536666433343930356434303232363161316363393566376335333065
30363031626239666163346162353863303837646634616561383765633036653039373664393730
65363066386661333765303537316563363236346537633933313966666431636630343832343332
36303330666232663766393064333739643661366665316639376635653866376136323761333837
39366132306461326330306136306436326537333762653630396262376562623934616231303635
32643262646633383365386364656462623438336366396162386635633334323431643433363265
62633339303135303964383233626636326665343038353663366266313063323337666663326466
65653563623337336466313430386135656664666638373263663330393739393437383837313734
36396230316638313830326466656637373838303538306161666137633064316462326531396630
33316232653934316330323836633135303965653530646530333866326232613164666538346233
66306366646438636538393236303161373966386633393335396533303563306137653435656662
37633430633331303236653830656138383633336364373634633662623063316538353764376638
30646566353238333765316436616637373236343866656236333732626238316539316235333835
39653466326232323261653362383062653231376565343961326334313332623863383633336665
34376536303730383063626661646466353563353765303134613931323731356232363961653539
36323238393131626434636235646338653132303261643438616466383334393066333332316661
36396463343233353434313931646637643436353033353761646462646631653032376662396462
66636566626636373334623335613830393135333762326264663637313065653836346436333432
64656634376664393539306465373063343663653338376431393962353837366432346665336632
64633161303539306137373863653930303530343938376462313038366361376361303663323337
33666466613931613639613866336336363134393034333163666664373964323630616663663736
64356461333431316363323935373130333438623362633561653665353666663737616239306431
30666231316232646466303163626135623035633566616564663630363836666366373732393333
61623239643631373664326232373238376162356663633631326332663138333331323037663737
38333735363666616239623834313038303539323566646330613462343166363134376438663138
66303131626564316532656561396261373531366531386131643932356637366139613534386438
65333833306339316539643465326538303934373864386264613435356233326332306263383833
63663535373433393534653630633638366235303561326533346538326131306234313064393661
35313665646138333334616563303138616662326235636137303536303730613536646332326466
34373563346365363136353031663634616636313261656136376131323339303930383930646236
32346234633765396662653337346363303739666234653838633863373861643065623964383135
32363164323137646334373264343566653439623666356664343536313263303730373661316536
63356134323565376466623564663231316535346264353466646232373331306333633030653734
37633966656333353831633732303238666239646233376638623634656531386261613163366138
63333366346633363735656635383038383230373730623937353131323632663535376462343835
31373766323332626165323764653265323866396632383336326366373333313131393035303336
35656663366131626436653631383438373839333336376532656135313733623165616138653964
33663138626361326433643431333432313962396236636366626432623837386165373861373439
33636362343132303566323035623664393232393432333139353937613461623735666532306435
61633932616562633963393239383166326532363263336138353765363030353230633939376135
63646537626365636366656431363863623533366130396465303864653136343064383966313935
30383437393264353035376234393463306530666435666334333063383166353066363035323539
61313637326330383362383739633035353239393435303933386239636661303665383435333063
63366237303462393731306138363333346635666231383332393366303663336366343932643366
38373965393537633335313931313139623430613135323062306637363562636230313863323030
39343937643762663734373539353364666433393239343762313834306230663666646430333461
63643833383335306236386263373131356533643637313838326163306363636463376230393335
61623630383636383632306165303838316561353935326665363038623639616632373332306135
39666661333335666335653664623037346266393761613863343564313266613837613739613866
63636564633463646638633232373737316264663536323032353962373066323437373731633364
32663238343535383731656237633562373233396139616132663035346464386536653365393231
33333462306664643462316566393930616138376231656131336532353132626632653937396561
35616534353134626130306264653733616366336438396162333636633438323835323864313935
37613838316566623434303533653532333839363632393934306433623030643332333133336562
38313330393937656261623666643562336134323666643332383736353562623461343732643438
32656238326363663336613435356330313539303232396163343663373938363234396162623437
34316630613962636262326266383966663532646166323231643636313732633361633162646631
33313261366238646435323464626463653062636637306532613966366230333037306237643164
64336636353630653961343730373131656335376161306434303937316434343765383636376439
30666335363238636230616461343061346336373165326433636236303665396663386138633765
36343531386337316636363838643638316633366433323737653438313133643630376236663739
34636563303462663566386531613534376238366537376137643537326166663932383835386365
62313263376232326633663738663934306166353061303038663538353162346566373663373063
32353362363434396130363363323339666235313437366234653132326332366231623765333934
66346664636266653530366633636261306563343631663461333063303561316430346537643333
32363230363264363466326433336638346133316162316538626339646338306433353936316237
38346535343766653437383632356432636538613832653137336264333561343565646239333236
65613834613834623362373839663139383039626566373033396166346666663964393039643232
35656334383732626564623634336365363135303139656263366531656538383832326237383661
61633261616363613238383433666662626237333032333765623862643137376364616664393662
30353766323430626438626364343161363037633639373338393066356132346666663734376166
37613431623063346666363161383336623364353665343666646233393565626232613537353734
62663935613664643134666664363930353736326331396439633135396132306638313039373531
34343061656239616533323439666163393962363531613134653339623037323931646534613930
31653536343134646438333034333164323330396338646636656435323462333164313062383736
66343838633331663636323532643565636261323131383364363735356239616435303139643132
31663239623966383236326133366561343939346435383062663933613837646439353233373465
65336565313661353866643431643732376663353839313537656135343631316331303161343832
33633936373064383435373631313331346333636364313233356162306130313161333536663765
35396232336636363437646135323634333639636363393663373563373631303363393566303264
39653138336531383337306131626231626465653363323738346336383633376338343935623033
31373863653931346139646238616163383065623332363161356263303166626536623838383837
31656136356434333761376631313263626131386363323935373038646136646232323465366233
63323138366331386561363463306164343431346533356234316632646430383836353764303530
37313363346539613236666437336236333135306265613339623331663063343936333038316263
36616238623931613134373465643832663534623265333831613533363466363162316635343137
37656635666165336135633136653536363262663533326537333634356164353432366634383730
34366431383465616634373232336463323630656531396666666464346538643966346265653161
37383033653431633131396364346163626236353034356139333538373738376431376336653832
63663335323334636133613263643265346539313933656237373431326339613939613461636363
39373433366264343633323165396565323763633933396537643632316630343934313037386165
37316565353033373232333766663864343237333339666332373934303735623036313862373064
39386165376337333830613462366666303832616236626537343232626530306437306636633761
63313465613965346663633361663739626530663037386464343861343534633034373931616132
38316337636334323936356661633265323464376639633735336431393932346261646132663336
32393339303138333931643462386133323661323864653463346337653766623661333764636163
38636130353063303135303636626233623436626462666563313434393639323631633262383030
30653138346565316237636563323263386333383231366136333865626462393439653032303931
32336536643263636366316565303634393836656137373734333666323262373538666638313032
63663730363733363336303830653837366130343138333338353465333562326562363334393663
33386630623433663330326164356635316165653665336564623138656163393339306239663265
62663532656335396562643332303031663835373537316635396463393630623836353265313331
66613962396365386235633431663635316536633964346439373432363739393566306638356265
39643464623439633161366134313033303732646530643538343464363863353632626139366563
36633833623733333637366165656231363462386534656430616434313531653637316265343331
34373333326636323135383239626264326237666535373361303664353532663436663833313131
30643264396566633335366334653263353239646331323139393131316132326434666538626666
61333666626633626136363463346433393237326638303431343865666565623534363361656262
32653234313532376139643839393332336364613065633133623035313862376239663932343634
63653262626230313561646535656361636433613639393361626132333065353034303731613434
61656161356639383063303234316237343462333934626531336466366563393461303334363964
37343262623435376331333965383865613666356435653339343039316338303938626333623936
33363733353766663363306135666265313761393562333431656234316337616435303361316630
66313130356534323731383462313564623164316133653634666638623463396538353939306363
32303666306266636332653937303533383739316666636365626630383563336537646333396236
34316635396465346337366535643761303931643637656563313565313532626332373035663965
32303961636132333165663532623631386665313434393062333036336432663030323035623638
62626363366466643838373431343862303730623764616434373833626130316131346433303231
33656533613139613164623862666637373966383864366561633237643639663639363838653864
66303134366433653163393131313933393761333735363338323930363063663264393065316564
63313436313834633464363930376664353534623464323465613365316631343062366437373835
39383465363366326530666133323639353836343933396336306137663662646363393135366661
30663262643563666334653333303763316139376662376561633938353433326431303261396266
35653535613465633630623430643332323362633638383161623836613064336439653539353665
62376263373231386266336462666338343534663764333131306666343039333634353633623635
66353737666565626361353262343131323066663561353565623830616362633533383536336363
37623439646230663131313932383332363339626665633665633966623030393136383934376633
65623163353234353637373136323838383431656637613034383637333564636139363037653663
39396136653930336461373635313534656462323963623064653166366133306434316132643633
36633266613934396238663032346533303261316565643531653265633663336638383935363262
32653731356635613264393730343966323464626637326535326132636638306234323731363833
31303761303866623862616565333862373065643535303961346661383934633930613563663231
38366538613935626135323237333330623665343565373763633730626535616437316562326334
30623761343138303464373763636662386263343537306434316562386231393962653533636665
62386135303737383364346664666565303562306336396231306431613639623239303862646464
62386432623966653838653439643035376361363731356164646537643539383634383638313166
39666634623761343762383138383561646564616664313865353234363439333161616336613136
33306431323966356131313535396639346334396664646634323338323362373933323462666630
35643231306432623865613865613562326261386264323630333763623738336439653035666633
35383639333037333039303665613036616635656633643837396661346136356633646537623431
64333832393062333435323639326463333035633666396537643663663131396162376565353434
36323433373731613565343134393633343537626330363263616133313133356565396434333931
35323263653634303362323539623637353730666564376131633930346630343032343933336561
64663164646430326230373533303334303565656434653739663634353664376630356433623166
65613639393634333731383962353861623662353465393465343030666232356634303330616530
35333466666433373734656232623364393564646131616435303263643236346437363065393336
38383430336632663161666638383039663866346438326464363462323465653534333830623862
32363765393637373262623761386364366332383636303462626433636566396332653230376239
32303363333061323936633637366135353461363231653731653434616634636136346634646333
32333765646438373633343133343531386562323864333661623430353361373930313139613139
35366636356466613838343838373862313361356332353336323031636361393930383132366264
65366531316136633463623863656539383265346664616536363763376664363764303163663431
37613538376533656462343931643032323831313234633866343962653264346435626139653430
32373932386436393165653762653732323733663935356333313230613066666661373235303037
61626635336166393764333032366132646330316138373862653739313133653962323866616433
38393463663461386466626137373064366131613837323731613530626434623063303964386162
39653935396437333631653538396237393532383435636164346239393539323564613965306537
62333439323761666334353732626136333461666335636133323763326235373335306539386633
30336631616563656164666665363265663062616664636131303165653932656535396136323435
31613964626666323138376437303461366639376339326134343763613930636330653439323233
66373037316239373861626531663130663934316564363637353038333632396562353634353565
35643962313561373166373035306632646334306437353665643435353838633032643664376365
63636632616464333762313939636533656132613436623030623230613831616633396130616566
61336630313833306364376566393538376134363163333363346230353230353933643662326531
37333530356365663663383162383834623438353638373038653161303565356538323162323332
66613262613637386633376534383130643061653161316432313865363835353235366164626264
33613136333639323038656562646466303462633033316437333665383632636236636363336139
38633865613363636163656238663934356338646462653664383738663235646365313432636261
32323432376435313039653633323233616330643330313766656634353735376138353463656234
66393231393363633735653437623938383630653365633439303436656664303336393765326139
61653237343533366137656531623666363261623633346139656531383631653666366166396339
35373339363135636661646338313462636234653832643132343934663530656336323931633636
6431
