$ANSIBLE_VAULT;1.1;AES256
30323933373735666432386463356561623464316233393431643138346533363837663764633931
6433336534653437643866616165643333666237666366640a633666303435393036363361303137
34366161356561393636393766623638646566623732376430363039616232626336343638643964
6336616233313162660a393230333763613832333330356638646535393239633231636161326439
36373363653763393830363432393866303331376238383664306534313664306535613536616663
38326666643763383065633465616363313966326330643161333066613336323434373332363365
65346566616531393161653930383166353066616266376331303832306261316432346565633934
64303235303061313365623461636337383530326531616666333965636265616638353065623631
33313963613432393839623561386163636632666237626234383636633431653566636636383732
35376461613736666663333061356633613461616231646639393132336638326461313530393134
35643935386262386561363532623331633531636230623031353564346562343534363139396563
36653435633330653232343133356437656164323737626461333666663038383261646534383539
33643233323131353830613034643862316665636466333865316162663832326630303366663764
34356139373365313832643333373266356534313961633863666430646231666466366536393932
65643939303262636631326636636637643836336237663439393532623830333562316437313030
61306132373633303736663934356336326538613232316432373332323130366565646237653731
33343538373838383466363231346539646237623863376364366434646139366135303838343832
33313966333638326334656539623231373435363461303263613032333166343533386131623062
34336130333062363064393835373336633336303831313161326261636261656434353230636135
61623235353638643636653336653061353436626665353930343563663736383032383565363436
35326262636566326238343562333938376363613838363664386333616137396131613466303137
37343834633135323265653936346637303335306365363530393364343731336530646164336531
31623036316439373538323835626663336538363239323462653730353937393539396134393934
64643766636237633765663866656362653261636165326234363133393934383964356166303431
39393631633461656230643336393631363737323637323031623136386366663765356533306435
35323164373032616665623938363166646165636537326130303335376266666665323265646664
34386663323630366334613330326361643335656264386131313631336335373833373165613539
65633562333633363636346430636430343931663930323139396531623239316630326339323333
30666362363562616563633531633132363231376432333131663733366636363333376134303564
31653763313565366262663163326238663033356138376262316336613561643533333832323732
36313839346231353462313938376539383434333433653738306434363038643032326631643064
32336132353663636437626364326539313135376432383338653265363230633063346234656430
31663936346466636664343134653839383266333261303335343132633562316436303065356137
32646137336562323064653330326465623936353431346139373332306437376231333363373537
61313231396330303132623265663466333035313431643330323663623532313039623664356266
66643632363766323961333133316462646535636665613635633733353361323731636266623865
32353039303430663936366234616365393736363330353933343064656263363531353237386539
64396337383532366233656438363838333962343132343937323439323363333631363962323335
37336131343837343236303630303065333236336632303732383034373636373830303137386535
62323763393162663465343966623361316338656232366561633230646664633464653731326534
61346638666538376538353962383234353636666532396230663531313936383930613064643564
62643762643361383730633461383161666462623230356232326238653262346664393034343662
35356336633964306137363735363439356562333532326561336337313332386263393661623431
65316364633131623466633765313438636362323636353137396334313730306662333436363534
64383261346438366633353939623839363263383533356236366637613230306238643564363163
65356331323337633762393336343336613166643438393133363762633139336439643637663730
33613064333235626431626232386136333931643865343234313834353538343231663834623766
37353166313932313064363463376532656430363566613463326662643965326438616530393464
64393537326639363235363532616266336163303564386638376438396633316431363539343466
64383137383263326334313838393131383734353038333935616338613135363431303430393463
31666137326236633366633530396562383664323236373531393062393032353666646266633865
32626132343163396539633339666231316665346665313566386531633032383231356337326534
30636434303430376638316238303132633361643464376463306330326230343661366538626236
33666334623531656131303736356438653935303839653531653762303361393439636639656464
66666339393531643934663737313536643139383436633035666636626636643136663037366161
38353833653234306264343637636331643134643431366632616439613363613438636363386435
32396339336134393632383637393631333239343939356531633265636332373162383838393135
33363365303139363764373861363634376661373935613764613461336561646330386162303361
66393834326630343630373261316335613031613333616238373135353432373534376661626663
63633262306231323564376131373532633236636530363631346561643366306363383730346538
38643762613964333436623532396136653666306665316336393961376665306461383462653264
63623530333438613437396666306337323365336465303132623836396537383733373937636532
64376137343934616632376364316132363866323564646338303138353930323338663638303534
39333039656135313366666465386636323963633437613134303863356563353334313332633638
35373764353836363133323838666437646535653666613734663835643337336438326164623437
62306130366334313835633236343430623233666139373534373637663737356236353934366535
63646638383761333863353464363730623132643462656333333965643639353266663832633262
32626335643835336262346163363265643961623532343362323865663830346266643266333930
61326365316332613435313461303937386364613037383836326538386536303936633236396538
64613639643131356661353861633966636333623936326462306661313336633762313333613565
63333566666639353131333032376539303133313361373039323566393238306631613261666239
31666264326238336532636438376338313035616131303433323632316462656134656538333265
39393136306135333766323466303266666338633432336231356139306164633561366231323730
33346665396132656531616463353965303432643531346463336662343564373932326262363966
32333664646264393830623662376236646236636363636438643835366633363564326132323963
35353536393865333130643561383037616330646562323165666534333938653261663962663166
37353136363430323861396335353235656164386137663938373932616232373463376138616362
36653639343732316336666436623531353961633866646133656135653435376439646336663464
31326630376361346364353264376531323734383334633766323430643738343263336536626638
38616635336639326466656433626235363834633465353630636336363632343932373932616339
65393735343531356361663665363762303535373838636537613638346434393032386632613336
37323931643336366664313630326361353538333863336135623134343233373937363431313036
39363363653865393265313039373730663462313232313066333339303933626462643936343239
30653439363862383066666663623362393338383032616665346431396132376462326230633630
34393466353636383864353333326265363835613332373833646562663730356663643534313235
36353832636434333463636436656131313566646235313135313634333035376564313166323963
32373464376661396638636131623231356661633433393962353334656466396135643934323836
38363839346431626535393562353863613838383331303539353536323330373565343733666133
64346334383634343730303333623265613437333035373862383162663339373034643439663831
33386433356463396566383431303233636666643032333536393734353864306633383161633839
30326234656534353864356439363238383836653930383034656538623039386438363737333662
37343838646531623931623666616465373562306466633965613439356461333539613961623732
61663763616436623334326334663063313562613530343438396231643961313837633063636537
39626131303864313338643232656364316231343132306131323230636134643038386536313439
62373965303333343630303534336264353431663234666538633430366237376264646536313831
30643837646436363032616236346466633339356338613062376138663933633061656536306132
34376466386630633039643535366133323833333463306261383266386464363962353665373732
35396464303432343066363336393462663763353262656261366139303634383861666538333665
37343239356338333866356561636435376139353932346362326632393861333663613635393862
36363633666235623930633732396266646338663030613137613334383934326232643561396438
65303137666461613961373835386137666638336334336661623237366462303335396238306438
66373832623262656238393064336632633732396236656161653964653962616637323765333330
65326438363263356661313038396463376635656635326364313864613630356536663163343831
30336132333134393833333235633064646636373534633966643833336237323264393134636537
38396630663536336634663366643037336565663865356634613764366635623466646239613639
64613531333564366637383661356665353434663532353863396566653266656461373037666335
62616534383034663031353734316662393064626532646466626365343035383635323830623063
62363935626163636463643565393863306565353534343066353532343033353437346237356535
39653138663531623839313164376136386562626338646535363062383861623132353730373134
39383164306230653434633462643632393130353662303063396537313866383766323865383763
39623932633137656161343663303135653362623863653566643735316161326666313831373435
33653930363036393265363564323734636366313832366635633664326634623532633062343638
34363934663431303862343132333136663130333064333137343761373931383838383164646635
63653232323965363332313730333063366563363631633039383865393237396166343137383536
31366131643565356363643535656339613362613663363264613366346166366336303133613137
63373931303863616639303833623463623035613636393935363438616165396161663630633562
31343932333361636539346162666264353161306264353536323161323364653662366664363832
38373961393962363266396230333134663039386262656331626234333737366263343033313533
64373066373364353537343761316634333737633435343033316439383063343964363631313830
39393331333463303166666538616561643461653762643336623166306238346262326239313930
37383363303638623730613237643962326531356161646533633866623439653730343064306636
65376462363834383231663962336361623135303538303232663834333931346231623263316364
39333835663539643664643235336335396336313636346532373764623833363036343939333465
61653534653938393063343834616334323231366665353764303561363136383837656336353061
30613362636561663962316436323332373030346632643236386131326333326430613630613533
35653166353633643237303433626464663732306435363935313865623437336232323534343131
35626366666130653163323736663963343838363762613833376532663664363035306266386364
37633836373735323163373661373764346137633166613937386438353133656236343365373164
33323666346364393738626234356663393339653732356562613938653833653363663832313462
64646531343165663030363236363230383364616636356137393762326439313532653639653230
34326261313137386161653366323135666532623162666562316165366531356265353836656561
61396161353061376431646533656130643761663264643634373161353931326164383466326138
66303637343733313632316465396433356266656130303664653539386530373237663531623939
30613836656361313366373832306234656663303438663761316434303233316335613662376435
66373337623765636639326233346536306536643863376362363430383835333039393833356339
64383639363935323833306538663134663465353536313037313634616631623738636266303634
36393637643636363433363765333862376130383131653136356132343563346538323330636239
34613235626337373235346135613238343831313832353738376437613336326461653633343264
32333539333833383034353538636663386330663563633165616263653338313737343466613437
37663030613233343363306532643434336363643739303066656237633230393737316263623061
61623937353738386465373938663535643534623431333932326161376138653833663065623330
63306662356639363939353432666637303033336433376162343536303339353635656637396462
62306565343732623635303130376338616662373830626136303032323865656264613939373565
32666638326436633465636235353330663039663465666665336430656433376430643733316534
33333234306466363463636333303263636362316435633431353833306363386530353365633336
64353036343863616439623835623066656431323038326363363835313731306437613838653832
34346362323635303833623038376335306634376162646538663530653462343534643364393934
61343737336534323464323466353234333939666439646638663937653861653333393838333964
31363464306138393131653736643463653135303762353366393264393230653262646239373831
64643530306435323137306235646638326534353938326666663834313936383163336533616135
61353763613564643363623261656465313164626562313664303362333833393438303365383334
36623630643036656437323735343330353166663831393561346161613132633061383238636466
61393333313433323936653661656339343766393763373337363563396665373162326632623239
37663366366635383034366531313738313735643134373636316265343637663962316236643835
38376463343933633939633634313764623131313366613734613338323339303564313735656535
36386534346431383633363763316631396665363564653263306131636465646439623339386462
66383061336437626632383561363530326465306634366332613861366335316338303738376564
33646539383931313938313661623366333864316536626264333135383834643562396137366161
63313936383138636561316133656163316237313631343963376132343564343333373339316134
37306532316461343365326437396265376438306561633739313131373463666530623863393064
64336539323430633836383663373035343736383962356437646663356665323737643338323133
37393963396233383431323265343938326165303731363035386663393363373362383262616461
34666533376161643931306232643837396161333433363530396531393562326336313766626662
64386636656463636362353861656539383638633434376339353534306333653862633961316365
32363863623766383362653139623138346632383030653036353939653163316364663230393165
64366439643932373265613461393838343233313166386538373661356435343264373761643832
61303761653965663032313436346633353035336433386331363763663335613837356337656263
34376162383830656562623738323439626333613266366231306234353636663236636233373862
61336663383032666334396533373362383534366235356331663163346435336630616530396163
36376665386162633636646136313731356434623862626665336135663037343231653033333336
32396362313533326534366639373064303365313438653739333165333530653732313564316161
39333566343738363430643663663362303533656531613562373532313766383432323761653963
38336130336265386230643936333665653762353562303038636431663263643935396234303836
63326461373165616434633961353530323634626239313764656566343138353066333866356361
31306639306638353537343633333665663665633662396134366434356535663164386135336630
38666638353835626138626263366132333938643061383832346238643235343730616663336161
39383038306463303835643661363034373266353437383265323238626334663734336164353336
31333561373735313032343431303536666365663938643337343866646264346134393833353562
63326663363165653064373966383733363866323065313935316463636138326232303961323961
35613330653162363465386532386237316461343731663264656536323735633435313337626333
64363032633438356665386536616330376662353334623535376337346563643934353566316662
35643261363564323162373039366530623835626265626434343564396165643465326530376665
64616261333361613166356461303539366630666531393662386533383933356163383765663932
62633661313431653935393837306537326636663134383335623363306530613037353562303934
39643566343438623132633838396237323265653039656665613562333330656130616162616261
32386335656439653338346130383235396334653931333536323764383539396138386137323363
38396664313135363733323938643836636638363138366262393763326361323535363965313364
32643332383038366462623164613765643439396532373165393032643862343338633836353963
38666330376637383332633132316133643166386564353635303339373639333562373064626264
34306437323936636664623661633834336536383266346464653565383035353035376535623066
33356530306130333132313034373764656133363565653030363464633730316435323765373436
31363239623630313839656134346636346333356264316562643438386563663465336165393738
66363334616162366162363630333732613962313162623964323837396432643537643033393031
30376662396561346563633862643965353565636633616638326564316364376136656361356533
36326361326265326166323664643038666365623532303462323531633637326465666663363036
31643933363666373331363530396532663732323334303637346361613731393764656366313230
35613830653835353433363036353962613937376135376634656666396562303430333937333566
66363830313166616535386535313462376136323962336238303863653061613837623035613061
62353135376461303030666336346162313238303034303962363065613338383236663934383432
32376133316361653963333038636366353265336532633264623436313830333232323761613538
32333062306638643935343462633738626435653034633234373962396365623538306165383763
38396564623739663839303935643033363439613332396265663539616161643335643663623135
36306362636331316239643832383834383433613032313935663566333139626533623265656537
38303064353363623237336134343338633733656262393930386161663134666235393237623634
30356566353739633431373534383930636262316237643036663539343732666466313338393733
37613365643062383637303836383766363037376638643134313862336539383730356266653939
37663535623139633730326239643838656137393464386334663066306134373466393764383161
35343030623732316530636235343161656430306132393038396266353262626231366434363266
65663333653164313663356461663939663562316163626639383165313330666639306136323363
34366134346665333633303664613331333464353733633866633636323537303532623362336537
65363236643034366438323164306361356362646665343637383439353165633232666133343933
61643838346564366261346236623865346365306337653135396538336333366133303132326365
65373938396366643134623063646165346432333331373834613931346665366238623032656665
37326231653062363435383231356130666466616361326430343562383563383032363130646135
66313133316632306661343135616137346439393930366262303933353436633563313932323536
32313664623866323231306365393134313232373935313938353335353737363233386663373966
35376630353965353261633832346535306361626635616632336135343939666533373564373463
33393236333466653534636634333135383630303132393633376235613462333361623865313566
35366634643032326637613435643664383537653537373364666262393062616261316234363365
37396439363861663434636666616564653839636430313235353062333639333538653132333161
31343264356432343864383365316432313662356463336631623632383764616263653735353564
64373162666137363833333336643438366363646266643965666362363734613030313065376430
33383731623532323437396562346439343033323364363335333362616466656139613338343962
30383663643262333238336137333132613166663434636430646439626431393234613239353832
35346635656331616465626137636534613365363763363034633438396333633765663931616639
31313838306164656531653034396332373037396361363134306639616535636564653936636234
62666339643036336630623831643864363561643362623566613363303063393331373431343534
33313833616561646438623264333065303639663165343539613262333763343765633835383030
39303436366130366433376237376564633934666364663561366133326466333938353432326138
66303732616234383931663936626432653330373964643435333266646331346238623030343364
38663533396265383738316533386235646238343962643663646162353239336132386163356363
33303130653533326437633362346562326635303136376161656366313965623031646265343462
33616162383962643364323563363764353033393333316561646563326163396337353839663361
66306330656637633563303435666338616462643966353366313562386164643432623630383939
30353561353533303530316435326432393061623831366665363261323362623832323963626161
65306363633833653536613332383636343237616237326362643362636632383539333561316232
32346464643361366139646338343835373138623661396162326266663064313363653464383636
63396535643533613936313164363832383364663763383136396133623036386438356366623435
38346439313433646332363630623534356438663763333831333631623838366463326530303832
30613961663630363336336661323231303138396230613166356565386162616130306230633864
64383938616330373862663533326663343936623136353364376233383232613832303330656136
31373963333537396661376365633066346531356330613662663536663631356339313731616635
32306130366465666233633531316439373735303437663632376562303666643366626339363034
38343165343636656166656466316161323033333833643461316638336338656133663336666135
63306238396336623636306462383634353831636239626633643139333966623831343034626664
34333262656233373836613361666630623930316239336431346564356263363832353133626165
63356530366339666630656264616662643564343963373537316536393536613263363636343135
39343662303762323931633532306333623437323632363138333765373265626561636565613466
38343765393730653663333230313133663438666337643462623932383031396539643630383161
62313636353537636433613834373162383866316464653738616436646363613566666265396435
64333832636663373030306135373063636364633631343565373837623531626261336332613666
34333136623934393835396365323562303733613439383562343665323335313232353361643936
37343634643139346434313661613937346234386364323735323136616237303836333532313630
61653936333862306636343464663630613733366661656265353435363631366630333339336536
35393837336462323532363262653633333466393537366531626534323965633963666132336561
63653366383165663763306664613631316162346639663063316233323139383636363262366366
34353436363663666534663032663265383835373734306230343030313466386334336364343236
64393864313837383736333738363330636330663461316637666334393130663662323764396534
34643834643039313333663861333937366239643031663964356363623734303734336465643866
36653164366133656530346533626364643438383139663336386137306138623430353530363063
32306433336263323261636439326335663132323838333630316362653834393035653964333664
39336535616661333663323432323135326333616336326537666263653864653937353364666432
66363066363530666439306632396566626534663862316161653737366336633436313836383532
64353130626638313263313131386165333063663130636231303433396339386566633735396537
33633065613162373934363731623166386632393634663133373865343931373138306435366532
34623739363466646562626562343963343339303066626362643530366263343166636665346661
38613035306264323233303633343439383064633131633632373262393565333331643830373034
39313437643037376138653530343461363931376131343362363663393232393633313866323438
38633437613236613263666465323731373462396266626332633865656164333238343162326361
36663134373632616163613135383930653536656162323361343265643534663932666133353330
66396266343665626361316439653934373638653261646537656364346532393163383662333962
30383461343732303365663764643731383633666466626330326530656433663038393366343135
36643435366430663734656265643531393435376131613838373537363861616134313637666664
30633636636162363639623536653363313333313862343261333231343466633063616361316463
62316139356363323537306166336434643361346332653833363835663464383533636238306330
62636663623938653933353364613266326130666562653130396138313061333332636164633935
39313263323161663437373935323462623930343531333638316335363735633163353762306363
31313637343161323164386537356162646561376333306233626539336330346562326561653062
63376564636166643839623031323731393865333366386565633566353435623933336530376261
62363431313762316631316261386636326638646362666262333431323235343034393232396564
62346666386162326132323465663930616535623738393663643932666263393930623665623232
65623030323436653063616265626331646366633936306361393264313138353565333039313436
65633065353866306432356461356630616665373331373837373530393136643036323031303930
66343339363632386534306638656331633862636466393863616138656135653466626162656431
63663133323030333139313563613038396636633333343365366566663733643165363961353134
63353830343638633435636538323666333239353166643034623861313630343063353332666630
36333830303233326535396130643166383934333737366661383839363138353330343631353336
61666338646630633163343031313765646339636536323430626530356633663130623534346663
32636663363535646264356135343135613033313064653436363336336665376663313161346537
36633661626537333364383364663431653664303766343738373334626331306530323537633136
63653161633166633566313339623763353533653564616566623839636538333466353435346663
30353163396364333632363034396632373064383665303632373030333761313834636632623432
30633437316366633438616437363563613437316162373764653532386235663137373161353561
38383462663662343261653661356361393334383964613832336261306538323331393931666435
31636264626331613137363962636263656431303137666430633361353538643462383538353536
39336230653439613463323430623239656663373037346366666235633630616461316439663764
30306535363764633666326361336435343963663534656330333436376366386465373835333236
62323561323464656536363839303031303331653237616363353365616365643234366430363033
65613731323861353138666236626434346234626663633563616633326636626334623731623533
32343361373631333865393162663039356263346431316536373837666636303765396135303530
39323033306434396536396136376431373962383133333266366263353033623265323135626562
61626638313031376238386234653261353630613831613239623033353565643332663130613138
37373733636163626330643336663865373938643735393333353338343066306232643439343830
33343537373761326364613233303730313937646535663932316464323764373363303764303665
30386436343264303730633461366263633630326364366564646465356365663565363033326561
36333238646436306162313764633330366566356230376332646132396565363964343535313434
33366536613563363962663330356137656339616261333933643738303932626132323362376239
33303139636266313766383532356630336532363437306263623033653961623530643236313334
35386661633963306538323763306333306165373835366261626535303436346230386231646433
62376131636261313037633561393866316536366237376233386362623364663032616138653238
39366338333262346532636135356437626136383762333661633339396537313938656637616636
38313934353265646637646237333962363638386639333365363162306336393466396636643033
63333831376432633164306630656264396234396663373065653333333935633834343439326338
65313434373765616434396531646139623963303839353963366238363164643666623466613461
64373637383863376230633538666338313262343432336334396432316632393665306562666134
65313566656365353766636637396363643266363935313934663763383237633462626332393530
30623664373535663836396366623039346330333335343935306666386336663538383530626362
31613839343132626635653839636238633735303866366137323632373439646564376335353139
34626439303963626136373933343261643430303062346531386135623337653261666637653639
39333938626135313762616137623138353839656134653963333034373161346531323432356662
39373936313264393865643938616131636130626466643337633538346631393739363137323230
39626636636633643234626334613866353637656538616138653462323731616134353032386336
35633432666564663865353162353336363130303738386534326539653162383630663836346163
38396133396636633161323933616632353665326530633837306333613866343866616565326362
31643064396463653836666530653439613735326266303663366331306134356665376637663766
34396162336130626433616539623531643735396637336532356231643033636333653532323964
64643162373862366162646161323933616137646236303633313637626438663339636236393231
35636133353038643534663731623136343666363465666266653463626233363839653164323866
65623563326336613335396537313536393232353132373037613032353766613633353739383839
37386533386339333832616431353331326362353430633161303761666237636335653966616634
32306262643837313063376335343231303762343766613938623638363064363763333963353164
36336539623231653936363165613061336130316332326536396135353432663735363835323265
6430
