$ANSIBLE_VAULT;1.1;AES256
66363634643135383138386630393865616432383332313439323839303264316432343131303361
6235363266326532333637616161636234633339313138630a326637316630313162623637393634
30653564386466323138343438623438366636373336303366373531646265656564643833626266
3266656236633338380a653063313464363361643233333237326439313331373933393662373431
30323161613933383837366162313763376564373864643732353535303131326461363262363865
32353736626436323234626162333762346433363031663331613133393232383961393631666231
36363338633639643064613331343663363565643665626665303736333237306632313835636336
66363930306332396262323534353935356431643035363631643734646532366439386438386538
66636436376365303761356535386261616233613833383363316265636166346563313630623730
33643761633436373963626261343433383965663063666639336433363434333334666564373136
31643464343134663332336636663839366164616135393736646538363634386564623133616164
62613635666238643336393738623733633264613763333765316137353736353434656231363532
31333632363331663135363030623165363638353661636137346630326561656163666261313561
38386331626363376430393462643832613136313433666666626636313561336431623130326363
62363735656231323139656462366264333461663164333861663336633438343435326166626266
64666433326234393366626639373236613436663135653662613939363430346666366230393363
64633739623830633135303038346133613139323066353061623037633938356665653765386661
30306637363335353034626433343561333362623934343061623137663034653330303531313235
35363432393238633536363665386138373738626265343234343535303936643266623962383265
66336231333438646533366433313163326636636562366438336362333232623263636131356133
65316331346336346335303762326239373666323033303138653462343862613430353263386137
36663938633932376239383934393434376432326536346266333436386637316637653335626235
35306239313431316236666632616631376436396666633430653132393435643262343032386362
62623438386235633933383265663730666130656131636330306135346331333436356339373535
39316465636532383563633363383034633835303665376437626363363136656538343762633735
62366266386461613265323062346236353437613833663931303833356237316366653639636365
62346639346463663164336463363162333665356431633835326131343531653861663333623639
33313231396166646331316130666564306636663464653630363436646665326230323037386430
66396662626331653733353664636431396134653362613662366530386530386637653264373066
34613430616437646636623533666165636331313130643631653432373766346366323233663264
61393734323762393565626264353331613838393765393430626236363462623861303838396662
63393530383134643036313930613361663533393537653136633132366433383566363065396438
39616164653338353464643330386566636230616635613433336561396662653538366233663063
30303034633165343462363333356631316363383163666331613431303830336331616139666139
63633261386235326232626338356563613135383336373865386330643465643730383063363339
38396631366435656330666561333535333866316431633939383933613737663462396466346465
36343062383537303636643630653264363133656335373932663262663164663436643063373830
63343335333265396564656566623766383964653661663762393635653661373936363538636365
30343634623665643837353033356231356537376162646635343466616561303232333034363066
63343865663635316566386630346235333136343735386236386263653934373839326363386435
63613265336432356237653330633261376331313639393061373364376265393133353835303336
36313439663264633263633761663330323761333663626434333964363630373761646639393765
62326639343934343265613634303364373633643031383535653064333036646535623330396636
37393163666337363731636233343839326263626635636565663032343831376365346331376632
33636231373638656234393034383136373966373832356430306435303633313537303932633538
63393234636366346161656361643035613235643963376635316636336264363837626365356432
63383861346365343663343036643463326464356462663731383338383631303361336536663632
35626561353137623635343461623335313466636161333939313630396465376334313333613136
66303836303562313661616536323362393862393562303966376237396535356664323563323934
37343636333966376439646239326438383664306330313765376437613365663962376530396230
30373731333430356463353232353561376439313231383535353036363335653333656435333466
32653362616438333131303335356130343162383734653232613365333930663730363730396665
61613961313036303437613037646332306335363065653135316638346230366337646466373234
38346162356134663235313739646336366661383437313638323761306132656262366561326165
34616330623063626364336230653031613130323234643466313664396338666337653963396634
36636163376263626564323736626637336434303261303034396264343330666163313734656331
39313736306339346663386363303565343063653435623862633432623738653336653631613138
61643066333634353632396562613161363565363162333462646338303736313734643138653335
39643837666163666464633832613434333866393463333664336632623139343762653434613432
39336339376434366563613530313131613662626664633463633932336462353962383837326565
63623064336533633039656634363630383834346530343966316134336533383962346332303564
62393064303234636230376230386435643634386262636235626432353566353561373337313738
37316235313865316337613436663466376235303666303061643136643432656536356262316535
31366161633866393431653232663134386565613563333663313565323230326433623432313262
64306262613733346664396435346164343533656261653066386161643334396138376230386436
37663266666637636134336264643033303234633363316537346435353361363537313732313361
66636464313634666334316463623732343366653935363930366631336532613835333130323437
32376665636430383762316536396565366561366234376364656638363661613932333133383164
38343861303063666238306165343665626130356230616264646333323732636166653464343565
65313862613862363765373137316633663233323435653538633033373536656332393766336632
39326635366466393265396434313939663561373831623066313865303265306565356165333861
38323165636536623361656234363263336539343762386361316239383164663730636561616165
32316435613536383634363934623631616439336631663330616233393466396135373831383264
39663037623036623139336639383438643135623730343038383535646634373434363730613765
33353564323864616535383839636561346163623830346637383963326437303966613366373235
65376330353438636632626530613933343133393135653537656330393561323563653633326434
35386166393461663436663335343431623566663635353264343031303166303461346136346236
64333961636431373137383065323637336163353765646531343133626230613466376132623933
62333361396635333864623433323037653137656235326663333762623565376135333963366236
33643266623937633763663337653833373264633930326334303363656338363738393731366130
37383862663761633762346439303637393465363962316466653337373430646539613161613265
34306131353136333161363034333832376237663034306363306534346665623839613732663436
31346531666539656130653366336134346535386334353832633936626437323864353836663732
61666164363238306135333839373533616134306663353364653564623139643839646431346136
34376437396639326632326431393831623335623136353265633361383636356666303662353938
66616237643438393664613663346633386135633866626437303366633533343061386632323462
64643935656434353663373764323131333031663233393331333365363166623237643261643138
32343765393030353138313262353737653739356239646439313238343136323065643535336632
32303065323434666239646330396238353333653739353836626462653435656530316136383337
63353136666635303763633865633335613665616663616230303139353732383065653435666666
36656262333737643665626132376666633266656435353134363235373066613431346632663136
62643335623166666234323238616535326463346266393161616539636330313930633663313363
33663763396661613934653364356265313966353565663365353737623330643632323562333366
63306139613034373263633766353436633866633038326237386436393636646663306466363335
65656565313435303731376634306462303430306561636131633535373066356538363366323861
36333330386232363539653366366232336639356234626561323039383136323935396364363966
65383735393433326131393739303735623264336231633833366661643166636665643764383136
35306135663330643066663365373261373235356137626562323464333961303962373334633839
31633066373665663339383930386132653135353538653433376366363663373230656137333662
34336539636637333838366431363939633534393566613264396539636332633236653733303536
66646633616462353737623262613861666263356431303630373263633438616464663266303065
32643032646465373461393764346134363764333936356465313762386466616333333137646138
32626231356136326362326435303263663933623339626461303665363335343737396139346538
38623232363730353038636339323065363133383536383664666339636537333336396236343966
62343138376232373631616432363861356630353335333031363934633131353231633538643333
62326437383730656665643035633338666330623561343137386630653861623263666538346131
32663738646634366635343564313137656236383733613563333063306265313261663961363164
32313135353436323165356230313866306638363761336138643537366362306365353264336334
66656639656663646636323839343464393063323835373163383130353133383961396331663565
62313633313262366431383561306638653664326365636137313064306266386130373462613635
37306364393536323065326633656363633130633563303631626665623166623630363330313936
64396533336566376530653935633031656437616631613735626264636532633062373865633763
32336462333938333736303737366362393464653166636630306635366261343030333030656638
32313437646262333639663237613265623639653230343037363437343764363062333364363639
63303933316231336635653037383236363034396532653964636362653265373436643862326137
32303534373361353363636532653964326366386237666638653734656231633731383362303434
32663836626436666466316239346365613064326431626564316533643465326538396363353265
65356163323865343836643836623332386466356164613062643034633931653036323336363236
35626637323436393338363631653234306532663836323937663761303065333233373230636562
62666363353537366334656163306664366438326564626330656432326234396635343664316535
39646334633732373433336366363036626239343534626230346238363561316436343962666465
62393639313930396233643736613337393931626265313736386539333238346563376238383930
32343963663165343361636234316336643338656337356561373436386164323233613361653230
64666135393539343465656632373938653966663833663633636562393166366263626661383638
64376530393037383637653466653533343035346664613738386165616637373632653534633837
34396539633236383038643633376230303762306239666239306232656439353630303139643161
65353037363763383233633436376232396564336237626235623539663262646134623333393066
66306235373033326538656431386461396134653434326265333933393265393533373463633562
36393164626338333661353861363863616161376361623565616336386131663364386466323462
66653638376465663061653730353365333631353537616534323662373732323364313538653435
66343139636534336433656430303263373832373432363635363935666364313830363134656563
32333634373234643335373333313366663261643161373035656465346538386262343663383931
30323364313335616431646361346166356165363534663764643031623863306538353135633235
62346637373961363962623238333935383362366331303630326630373535636333666230613764
65313465386363353937383537313063353734623766353535346435643538313737393261313736
61633261613165633163303164613933613463636364646264653639666635333334633330626262
65393130656133313130376633386537353034366630313733373661363539633738626531636565
62616639626436313536323430356362626233386439346362313261363935306664393833656630
61363061373333643262633037656535613334336638666265376562626161653937393662363866
34623039363462663732303330326332336365663230623863663265376636636634366135386161
31613763346264386536383036323861623134383531323566383961636637653237666430306466
66313035306363643062386465343937663563313838386439323135643962333765346365616233
34666635396430613165333166323266343232653266396336363934633537653737303765313564
64363632366164633763313230383234343863616163623565666530623939636139623138336436
34323537626566646535376238363934376430356138333238636630383933386365373038636365
31653961323861303635313461653165343230333665306334386366303237663330663963616138
35646238636266343837666538306535326162363365356533356261663832353363386136616433
36303664393434313131356462383563356461383532393330333037396432383139653762343263
37386237363136653331313035313765666166333136303239393630333435353737653233376533
32303134626663393433636533333337613732666138616330393763646135333365373235643264
62663233636665626266623038383135313531356363633866643965636165333030363032636632
34623231306337623937663032656563303061323862623863396636343337366531656637363164
36323739643032353730333562633631356563353634613464666163333032653534326535313433
39343264376438633232623736336232316231636264343563336563376239386366336536646263
64333865343965643333336662303366616331303936626132663963383439333337303239353661
32626635623436336461356537633861663639343164626438613166613438336134343134386131
30323736383563313862636233383165343337373237643166313131643561643964646536653732
39316530353532323666393535646264663130336336356533616134356137343465313330343138
33333962313730353931366536636436613437626532636163643436633936636464343732666637
33363265626665356161386461323534316430386362613536643932393430393962623363653736
65313132656361623038633763303962313933663738326539336330613333626430626164616437
35326562316263306462303662383862326161623236663039323239623435343238653532363437
30646333323437313438303965366565393932366131663366313761323633656665636236626534
33333363383135616338663339366265343937386564663764373431383763356262323435353835
35333261616361336632626262376232363232366239353936633935616530643933306661633539
62303564333837343530623136306133623865613961633635366630396139316333363664643839
61356665623437356539663064363635303234386264363032303363333531313230313432353030
33373134616363306236323631323063303062646661323537303435653863373335393530396633
34623431326439326664393366666561363832373262656133356138333731316131303139323264
64613630636563656162373035653331333038343666663137316232333331343430336432633830
30316465356664356563306238393537326361643462303063633137343265626539663864386661
64646462316330646636323834643132373136663735373935393562366663643736376663646333
30333130323032633838336235383532626662313639353532623534366138313638643431626532
39346265643032366437376362633537356636653766613930653065386635373338356434306430
32653337343364653532373330313166323366666433346265303532323638656331633865323064
66343966643764333033656466633762353333316165396430616565353336356338633837373563
36626335663332343435373463323565636134353865656365313162633561666339653263356464
65313263333733616437373234383637303261373563323134333761373435306338633635393062
61633435633066383463373161386434336232363134383335666430633966316130303531346536
31626131373564643764616163623666393435393030386666643030616366623831643963626637
39623434383564353163393662316238633535616162303865303730616639383931346339623234
62333461636432323161616363323762386264613933656562393432393634326132383933333636
66366463633737336433636464313531613763326132636439613464393361663534666134653535
33646663386462366632643666336638323064363766393536636337633065336262343061653537
30303162616336303039386666366638386462643164613231663762333738303338366530306334
30336163393736666236333933663532613937626238323638363337623631653738636430386338
38393963663839373365383561303638376433633531383938303861613332313263306638366439
32373933336364636335636338356234376132316161303737336365396166653632323732303162
63326431643238386362636438326539343165366266636638333233386632343236663366366237
37623862356538376162666331313863373730613464303661386364373038633831363232306433
32646162343238306136633138373632356434623331336365613766623638326536326466323062
63623230333636623436626562666234356632373039326266316366616565623032383732343962
36336162343833323138356432316232306631366335323531333961366530313531393937376338
32373362633337313335366635313936636432623637306433376332343633666134623536303531
38386265653363303935306230396232643237643734323336663332383034643061356430323432
61353733633662663864373665333839323232633564386461376339616363396532383436303262
66383161613936323062316565353830393964393563636531323462353663613339306138316532
36633163393537643365663466383736346334336532376665373039653537353235643738383236
62303866623631663764633136656534343561363465613232623662396439623261353464353833
61616534386434373236313661623731386234653136326233373235353462366161363636316133
31323065346261336339306439376139373336303739333730303830386534326262616439373230
61353038313236343439613330333766616230636634306661343766663036303865343730306663
38653832343039626361616431306361633362663465323735356334633064636132386438376464
38653731383664383966646265633532356263616334303037396133646561313636306639376636
36303739373364626166663638636565343533393139623362613739366161373337353562313034
39366532626266303765373337663531666139653838346532396364653735396330376132356533
62306161336465653837643238623035373632383334343464663263393636643030613364343536
38343537633539346138616439633035383838333837616234306337653266383234316465363464
35653236643161346262353463373561636235633138316230616637353232383937343834306436
65376338353739303332363066656562383134343638666466646530363131306235306334636134
63393866383037393161383565336662356266353836326362393339386433393034303433336533
39333065636334333635393436666564636631643837393366383565613931333030393464313533
36643164616236333834396265306532313737623438653863396233623735656236356135323038
65353337636432613066656337313336333332623961373933303862643833636665653361393431
34643861356134373437393931643963666636323564376166393739353235623063303137643362
39616337663234393930303161363966653332333234393033623961313238393637323062636661
35643336643566303161353631376231363130353132666463343733323262353466653130323535
33356262316431346137623564343866396532303562393635396466346531636364383161656432
66363839316464393932626638613036396133393036393664306433363734336439396162306562
37393734353034363030366233343463663038653736643035633866613865303864336166633033
36613566343935316135396632373666613534303636663139346537343465376164303364303762
39376161373436623164393266653535343237323234333761356334353736623432653535613261
35386131656531373064376364313832393162366163623635663036643466343430623964353534
34313230386233613031633031653562383364646235636134666335363833653232386663386462
39623633666162656239336435373164653263383266393963313039353262633431323931343765
32653431363438623236363230346239356362353366376265653164633134636665346564316638
30373336306362643933396231343636333731613465393432393665363561333864323265663965
38613038626136346139316265623733643866386166613164623561373932313835366363633631
34336238363339396131363832313866393663343163656164656439393039633963363934373066
38313535356433363733346162643738623738663335616438613638616666643738306236316536
36373064363236346565316237326537653465626531313031653936353761656538376364353533
66363563656535643136643337336634343136366161366537333035626562326634363661333861
30653537613933633164656536643034313036343933323133633930383534353338363832643966
65336361386334663931663562626630373732626461306463393163313330386462303730343662
37653539376632386535626366313466343031653436643439333936313835383365393262633462
38373738333434613334353039313162646166343238353565643537343063623961356533316161
38393835383139363030376530303838633062613663616462346663366164383833306435626366
37383130363938636639393833353666393431393262623333366261383461346435386266393438
32663235323064653637353265323238633165653438386138366262623066656565336237326664
62336630613838636538633632383835396261366161336363376563356162353139323434346461
63623433633830666666396236663339383866376337633339623734313063633536643431376538
63306338663432393634353839646666343437393264626461623463313231343938356335616430
37316630646336326262666164636164303130646332636566643063633262623434643736396137
35656635613131383937346566643639373863386333383731333466356337343761373765333332
39623662633139636435633832356561636531653532396537316333623033333865653431626366
37393366663030386230313563376536623931613563366261376631343737306334343632323662
37393363326333613839623030633433663432366238373865616430393537633665666365613632
61303036306466333164326130326530353534636430356264623030616530616463636562393564
39643935336633666366633039363737616134363136663431396666666362316531303732653761
61366537336635336536366162303839393233323034636335313531653562363838386234346431
32366666396536383930396363396265663931396638636430363335303064316163646462376535
33333362323435383631353664383663633838623533343938653135396633386437336261393736
38353866616137376233663432623737333261643336363234323061333965633538346330313331
63393864306433626138623334613033396166343064633434316533306637383562623134323736
65313730636463623139666663393636363738333366626530376232643134613132306463626462
35313534643838636333643337303735393438333563616337303565653435393366343563333135
65633737343133663033323964356233373239643632653832386633613738653865393664353333
36363236393834626435636537306635333962633033316164313264666237376238626136386565
36373530323266393364373539663139613436363635646530313033336130376132313332666135
33346134633134323430366364346633303038626339306661333437653839323261323832313163
37326266386561353931313034333032316137396333326465656463393030393362656436363563
31383461653164333038663934646532636439393632306466643435383733363338646632353233
35633535313262636436656663363063386236323030316531343061346131323439643633613132
63626437396464613535636539346132383063393036616133636333326535323339636166666639
31653263396561316230636134653331323538393966313730346531393234646165633836666136
34373939376134326164616562653130393364303463353133383730313234623030316664313534
38656632643163646664633235303833626263336264626431386265343232633866363833333036
34376437383765323835653937653238663064633133656339356532323532663835313030383132
30366234376132313230613638653735343330383064613437363266333837616636323064386261
66373461306333636530383230363537666565383533333362396139623630646535613234613939
65386265613235613831646135373562346363373464333130343038353935623862323231333965
65396264366266666165646331343261393939666265646464623162653634313537633764613435
39386666633532376538313762366264356165656330393636306134346634316364393064653639
30643830623365303232353435343839333161653434306635653034333033386432313837303232
31326231393062323833613439333434663366653036396464323431396131356261353062353534
64346633646231323637313763663139633835346232626439386637363961633762643735323062
61366131666138366462636633316661323135663333383531613164636262313963336261353030
65366161626438633734656636313432663231386665313735616532623631336433343138656561
66623635663262353038623732316662666263646437343561656666396664323438363632343266
35386339633338336230626464346463363331326561636365663966663132333861353863396562
33336363363838356161313639616566323261623330613430376535393564623861363365306563
35353864623330316633303836313035663030633366316332396534393161353162363861353833
61636530326636396332306163646131373130653664393436633661366466373465303431663738
61643636323565336635316366636538326461323630373036303537326366626262323836633363
38303531653964363938623062346535643265646132376565633966646536306130643066366233
34323133643331336633323835353564393237623136353164656264396138393137386261623335
37393761313865633031363837313537643535356366356532643039633734616137666161373265
66316563303063646264316330333662313533356138393932323262383964303065393032353366
34343661613131333061343833383963623738393231316438386464336439373737626637643965
35353130326436306133386637326130623064383532393939663339396232643332613831326463
32663435373434326334666533386531623136333662323066656238393731383435323836323731
64643331613264343131383763366564626637643366343034326332356433333961346335326661
62383836613539396137633630383036333134616662356130363236643432613562346139356432
35386232316235306438376265626666366531616531386665313133616338343462613033386233
63316633323664306232353236663034313466666436323737653935333132666666663664653465
64386635323236356436643166316538393364643837663761343732646534343035313031363238
62326436663537653161326330373261613037666634303538633766613564323463303563313062
37393135333639636435623461303939643233633761323231653661336433313663373466373164
65613933346330323462346266386334613539313366656662656532396230623230653036666138
33396334336636633932613836383235333131353832393462623933643935313361323265383563
3637
