$ANSIBLE_VAULT;1.1;AES256
33343539646465353930333764353662666662643038633539656537303266376131613236343630
3539353531366131323939633261653137323633393762620a633166663030363232373032316231
63333934356637316564396135663230626538646665613864663832636465646635333639383365
3234663233323037380a363362316631333436366239663439323336636665616439636662323737
64333364366436356562663661616261396333306537396164393265613233613739303765666432
66353330636635636139336433373034336463303036323337663965613838643262313931623063
65386663373733633634316565656362303765303731336463326236376235633136353032366437
64623434313130643331393434616238356138393632346464323834326666643532353365653962
33313432653664643438663462623362353835306662343061353261613838633633313532393362
65626137366162353636353836396438646236383264333231393862663261613362316338656538
38356434306138376561653138303833333663333564336531316233666364636634616361323631
66376264376333383163303665653062386561373939396131643130313837306234633231356636
31653339366164636634633861383037353365643363613862303330333335313337646164613633
37666436356136623735363565393735616131326433653831623239386231653830393765623166
65373732316630383039346338303136623639333933356462396432376431666664636232383263
37313066323561393232666435313362376333363636373465633965373337613334356530366535
65663266356266303963316534306166643564333864386630396239616630613761353737646563
65613363396531356233616338396333323131373966383761656237376132636363376135623833
65306134393738623133353239373431633736626339643361316335333537343034623864633964
38663037323233376536363239373963653963313663333162346233393562333832356133366131
30663763633038306265396338336233663533343933336165623139616265626239666638306463
65323036323338626330346564306361666361633431663365353835313834356338316435306364
62346530613636373536653764303336626263353636623630343830613331616235663031633737
63653139343237336566366136623064356163643131393235646237336633323039373031653533
62336233336164616663326261316532373934336639643636366366326166383365313061303332
38316130363665616238656334336265326237396365656363306433313635363434363434376664
36393331353836393565616236363562663336366565353238303434363764613364313564303231
30333935333165396162656430376166323866363636646631653039656265613833313762663839
32353066313261663666303666633330666436663564326230633831666333343761303138306664
37316365336435353836613434333732323465316462636133643664303863363137336363333436
63656235663434396638366538653939653234383930376636396563663037666262343763613438
32396261363230643938316463326239633632336261303134356430353639613639393361613465
33316239393037613639616565303264326436386438353264623262316533383430616362663032
62356132333033646566663331643531663265656265356333313739633235363932333566323463
39393539643365343137303961666533343935363566316136323764353966613431343239306534
34386430386339333938363338313035353465386332646439303562633763376633376335336432
31333039646664663666306236373032323533363264356631633938613166313465353732336238
39373137646631383438633130316665626539323033643638396465323937393537386130376336
62343630306662336436373364363463303361646535646164653938636233383630333230633030
32653734323532663934306431613466353433343731393331623431663161373234666366333562
33663230326234353630333937333066303534356434373833353465343032376266646632366439
61343033383234353861326565623365653234323733656463366635613533363962386663306132
32656639613862353064386231393934613736613265336539623365323863383432666263336361
61376436356139303162653665333934303966313065373263306365323238373932333836666437
32383135363430656462343531636638666137626137346339383732623939343234373262316130
65616364656433376539306236323438396262306630306237326366333665313936656334633535
61643933643938343036373765366337663965393131343037396230616434633266616636623961
38386535366262653561363035323062316466373262336261646264613035326230613136366531
64393266326665646263336161373431343561656666383965663063623164363430343939373732
62646439666530663935646163663062626163333032646431306139343866623164363539393561
65623363333066356330336264306666643530346362643333373963616237356531623861613238
63356165343263373433323535623362313331633063336131303135616661666265313765326536
33393464396262346366643338373932616337643330323236653462663165353435373562653232
39363364616631386662636532323261366539326534316336656362343138303962623164303736
63326632316231306333616264346632333139373233396632643062316336316631316431626462
66633861323237663638393039333936376162613237363034373237633162356332613335356232
32336237343761653463633965323338323137326637646362633231633033623565636262353964
31643336616466353662336131383930336139336166643736373836653930313065663365663166
34333865356238306336613938663837373532663036326435313766376165363333313264646365
39313063323032636639643362353133626134313736376533653434303736646564633961353233
33663765313566356161323663326666363032633063343133386239663963313437336133613439
38373361303431323137626265393365626636653064633862336437626563373334356338306430
38386366646636643863346136663739326166393765386139663235623062393632303266386264
34666462313865313061666166663535613333313733313539613335623064636663626661653263
36323038363938383136313033366239653230313235343566633735363834376136396361616631
62323131366139343930316166376366313730396666636432623362623132646237653636336362
36666538363830323432343065613935333638343039366635366336326531666434663364396639
31623136623632643536346566363839353536663939353461313635613764666161323330326461
34316537663336393466616637393033633930333262386334623632643838666231643834333362
61313537643963373434373536353332333032393737366365663164343432613738343535353839
65303135386163663038393539333635653837383735373139306530373566633937323463333361
66356661666136393762386533323932373630613938333061393038363463326632346131383437
30643361303331393166613165386335386562646533333236396236363234323465326131666538
65316262306236616130383038313362373163636539613630316164303764353836316234653564
63353762303961343662383534336537383632383638326663333139616133336662616432623632
65636465663766653137346464383833383966336430326633333434343462323138313037613132
65383732386539636137383861333461366162626438316632666434623630623733396661363361
35316363383461396535356365613366393436313865373538343765626666636163326534363837
37326630646634353036623237363030643832343339386236356133653765386530396531363033
64653530383234343135316538393435303638626138636238303136366231363663613233623437
66613035393536383961353537613036643436613862346637373331343131636537383433323165
31666235323563633364636637313263626561623934643962333331633639303365306639626662
31633962343436633035386161663931376339393436666664303564623565383739376538373233
30666565626161353232303835643035623539646537656364353138653330656636663364633661
65346130383264663738313163313937653662633962343137353238336436323733363733363930
30623537663230306565653165326336656639353235633638326531326633393432353861346364
66336461663062333664626435306663656330323361383735316165336666386330656436613137
37353736643830346439616131663236313834623139316636376635323063616530313831333564
66313739396130323134303566383231343135613766303330396339313166333761613932636162
36353733326462306664323064623236653065323032386639343762313835303061306635346261
36393733363136313232346161393736666161376233656332376139343832373137396364353032
31653661663665613034323961663139373165353436613061336164656262613835646561386266
35653434316430393761363535316637386261313633623431383261643237376465376534376463
37383730666662313063623161343235356364366330323365373663666435373930343732336535
62333137383663383966653432633838663735396564323162346135643166333661353864313939
64633463616337363332633638353762353130633935613031313236353361373163353931623562
33653932653832353431396236303434646565373930613537303363303637626236393462646538
33656431653332393466613261366534353339346539363663343339393038643661383934653665
63663938663632316465333861343766333862656162393837623563343834666235663238396435
31623437346439623730363861376133613066346533613632646261393766353932363865666338
31326630636632373532383738623636346539333062386665353435376437363832323237313831
30653263313735353937623438643530333466353938613466613631383766393432653738663739
62303038383738363465363863636530346463356533346230383838383330623938363534666661
65303030306463643664626261393836356237623334633538396365626663663236353565393962
63356565666165306138663231363330643630303935343466656139333136303136353263383762
37366433363361316239623037383761373466643663663439373563653132366132363935373137
35646139643762303839346363626639623138326230653661643531613435646637396261323330
63313862333266323866663166643663636635626463366135366330633339613961363665306461
65333235313066303532326365366530323638326430386662613439383364666137333134663335
35306638363461653764376163356436643561366265653062353830326362393332323766633936
65303130353837653136386134343132366330653131366537316236343432643636313962393137
34376331353237616534653533396632303337643136376166623532636562666464376533363032
65636534663137616364303565633638376163373561666365383763376636343165373366646365
62343063643365383263333134356264306238303163636566386262363166336365343439356664
39306634353266363637366439663236346430326138623561653137313031616333306335373533
63653861386637306238303938653832373736343035663230343263663830643462343339666532
64363465306236386238333464323634636232636235663939633432353034626133663233626561
63366166383533353964396263366439643931313232656136393235653738353963636136666162
65383036613666626437386364366234313333326566373236633238626466386161623337616531
32356132393033653934613036356436663131643362623834343261633838303831646231616561
39623835626532393130333138323737383437353137333366616239313238646465643263646564
35363666333962363336663662663036323265356130386166323764653937366432386163376461
63643266353132306333363736326662623666383437346339366664643666386564313466386664
35656561663331376236373739323165326339353338343966346162323439623634666338343435
34663039643362333537333137373863666664383864333137343435383462323061653639323036
37613332313664633762333236303038633863643531623564656239666537623832363034396265
61303936656566373832343961376462623364373566343533333161336463393336356661373834
31336335666365383466653833643730343136303665383438643661666137633666376233616634
37616566323634643662353761376338353763303763656133353331373066363431353330663134
33323764306436613337616666313163386662316431343262363039346637356139666335363136
66643930373363633932336135646661636264383335663739626438396132653233363032623335
33363335636266663863646263626339323836326332663037336333333061333134636535353037
36623732396663333339363339323065383364643964646431393734666465643732346436303338
64306436356465663464643163636336623138396463656438323230626636626266653766346638
39363565363034366531663732376365666238636431333636653938353634336630313832313632
61323234386238363031386336613963386139633133363064306531323064626665386336626136
36636437623536663330333731653261386236666666386366633438663336326465333230356336
66613864313032663435343938613465633263383765616433326637336237353362363033303565
36303236666662353031363864626236633838303836346161396261653563636261626263626336
33323039376432343061316439343566636434613761666661303462383561326238646633363666
31393531623234356636333132396330616561333863346536333233316536303838326534623566
30616531303462643363326665376663633836613466356138333039666261373666333639636336
39356434383539326338333736336665363330363336656133636330313436633739656231376531
66623864336632646631663665636564663238316264323930613037663936353233353338343739
64376337396137326263353536373038386339383831333031633439643330313232303036653833
36366563396131643434643539373365626536306133653762623930623739333035366563316430
61373435303062623833663435663937353262383131373339366562313866393931613738333566
32396362636335363262356339313130333766306661623530303839353638356365623864346137
64616266616539386535643631323636316261356235343363303734643238653265346263363262
65356465363530363734383532373463623139373734303261623635316631623063383261323263
64666434313361303735636436383066613366663966396136326161386531353262353830663734
37373162613435656137343436663839333731633165393036663064343331303963313137343033
62373238393466656631666661653231316639366439306361336262633936383530646261656661
33613936373965343538343534616165666666663765373863393937323735643161353536396561
65636232343730366462633737313864353132663961646435643161373666646631363430313965
35623335333932343563353963353862383838656262326464653264336138373862373135356162
36393234316238333562383566633030336364323136613330353339633837366533393061363537
65613031653431666636633036313663313930373861366564366439633133626236333536663033
63393332656565383139383634643834343738623131383237646464393434343034613635393764
38313939326466303330396437316230623932643330386366663336393038666335343436616362
31383835636465643336373964363265313762306331326337363136636432363638356137626531
65303166666430386436373565346232343766323966653966383039366236653438323237333539
66633535323833336536643731343032633836623535303733303666396330613731616236383032
35373238643566663130613938643766363935356538636534643163333361613936633633326264
39326266666239343266346130656531306263303562623865396539346166353662653537383835
64333932633766363639643133326531343661393862343436613564646236373134393538386465
38356134656238643464313964346466663463633834303838356662326435666264366331626637
31663165653137636434303838653430616235366639356631386363396166313832366133663564
63356630386334303630656463363939393733663561356431333162323162326436663835343465
32346539363064303165336462666365613931353764303334303938346633636332376239636439
36373534643535313833323935363762316638376233613065376133343732656539626163343665
33383333353236316562393034643561346136383233396235636564306362643131383636656265
62656361363238616532333764366634336231323838376136616639393463333865656161626664
34666565633164613766363830303665633838306366316238303964323434383036386638393734
62356430646463633863306538653333393161346431333864393435373961636338303539353732
36363535363962316237383465653165613530386265363365666465623065336138346431303766
62386431363962626530313563613162373361646635623233623934643661316362313063336166
31393739313338623065353133343435346366646334306139613238623462306436303966373130
31306263303163626235643136353932383964313235376331653230323862383533363732313061
33373631616462666135633665333437313735626439386461626538386334366331303736653266
62346539303634313837626236306636666439663231623338653961636162303632353839363734
34613134363237636162646564306666303034303436616239643730633235623837623265393332
66663461326439343939393761623031313533313163663635333764383139363238356439343161
36613863343435303865356564386633383863353766313164393832326566333530303334393831
35313263633232353334613335613263363730346263303663323434636265633733323433643931
61353738353566653630663861653530313931333735663162323334386134356433396538333034
32323637653762366431366335346232356630633831656230313665376165343161303164313038
61326137666265616366653631306665313637613030363135386363663763633039383034643762
34393137303439663061656266653230666666373731363133346235303564336266376333326133
38653739643430306630653033656365323663396263613639353136613435383765316130643862
32383835323639363861643065333333376533633763353763353964663936323335323132343865
39646365373931333262646236363331363538653666643832663433653932643833656566653138
63633933316430343161306534343735626437393832313633666237613734323434336133613135
34646133646634313663656530383531656361353666366130396535313530623365616261386439
37633564316537376461666439353264393236386537633338653132396564393532343233306264
33313236306565333731343639616662326362333864363062653233653965383237643738343532
30633433303961633635343536613530386333653738623130616138653233333462363136306561
31663161376330353130373530336230306464376330353738333034623666613763376136653336
32313664353534363666356637343634306664653136323939333361643734363830643734633762
65643434653733383635363364326461646238303161313336393065623035646366366232383630
64316632366130646566323339323331373834363130616562393763346137643731326163616665
39353931653131376663396664393937393937666534396335613235363566633232303731646533
62393235303732623230373231333539333930376532623035383263396137373435323431326437
37353932363462363539343133363239656232396133363762383031396539666236316665323031
36613537373462663439323337343630663635623839646535326332376234313934636166336664
34303934363065643961646131373437383137623237333732313539653333343464623266343066
62343063313433666663336134656330633632653836633435646264353132386433643637306433
64386232333263353462303562633431333835363465393035623262306562656332626335396464
30376537623063663563336334393861333263313365316531326132313036643062303862376135
63343264623830303233623833303636343863323864653864353639306638633833323130653932
39653362323964643363383563623137613263343731383639643163653066316438313436663539
30316233303533323331313466343162336134666564396138323531613034336661396234326337
65383762303963656565383563653138366565623065353236376534336134383535306562313634
30336266663135306166313238383366313835636364323466306431353131353134616462303962
30353332616432383762333165323565333236383531633032353133303935373764383638653261
62646566333563363865646463333136386233613736376538393037383063623734636364363961
30616338333333316638643739393234633335613036363332336539623235326162343836383934
39393065393933356138626565396530396665643466393765646236623532646162353936336530
33366231633838666635383566366133636466396465623733373939313763313130353639306337
37373838343531663235313838643935386662663538366262376133303764666662646137366537
33363263333936626631646233663463623663613237653530323037393235336662323131623334
31303836633632663937303236323564383165646535383337633537383264646137393433353662
36373337636366336136336332363538313931366163656434313533663232666437363836356437
39653732653639323965343439356333366163323633383864393334613131393266363339663439
36353031643238323863333239366561393161646238613739363466343532396336653034383164
63326130333465393735373661376264663665393066356563353036646431333837313561653565
61653663656239343230323165393264616638356331316138323766313636643465316534383231
31323766623331663764383264323264393761313532333066633161663734336336363261626232
61336335643162343139313738353036396266366130356239616164306239313965653930646330
66333334373131623364626262346462333832356638396465303035373263346464353333386161
30356432663038393831313931313639633635366462363035623531343561666162373336663137
61366166623232383230663264653761333466343936393933643461306430616666633939656139
33376632656636333430363961653761623565356534306363333034653830333762643465613237
30663637626236663063326362343865663234393238363961316336653063396263643730653331
30343532373834383833393238343539363535666631353362386331623832336161653733386265
33343665616533616564643164343335353732376535623262616530393263613962626635316632
65636138653130363363613438316132333638363965356164346639326261343263323036313864
63633838343133373938663633343063666666343261326330633035663466623532303461616663
66663933353164346262626434616338306135363534343561356437366531316431633735376237
34666331306338646338353934376230306136326365616439393533633737353234623836333362
34636461333335363234376233313661353932613038666130383832303839333235363164656431
34306636626464363662373064613233616638366434343365306436633736396466363063613930
33303431353035643039303963303065366661663630663933303837626138643534393434613439
31323537613432363565356230623930386638636266653264656135653033356662386539656462
64333833303063643039363230303336303339353063313137313834363434653737346630343962
35336263303333333138383166333732396164376235646538383537326163333261313961383733
35346135643437633932623035346266306666326437326666343465633464383964303937636539
30336139343362313130353663303036613038653030613264383935393839636334343964303362
65336633366336363437346462326166363032643862646231366464643761356364326530313132
63346561643933646332626539353763343335386164333236623937303738616365333266366130
66613836333830396364323933386164363838646633303237646161363465353737303136366236
61356263373762313834356361663163616634303061363130666634303236643966626534376164
37666537303836633233393138336266313732656435333266626666663466623763356338306662
30646139656237303232633034656466626138333432316133316131646365316630623966326239
37316463636162626332303837616365643034363663303364623266383031393736666264623061
61313934323835623438313865623062326661373436623635333836336135666462616665633132
61393538626430636336386637353835303637303136633862333632633437626339323665396463
63663335653062623030373131626530396534373061336262663838343830316238623534353664
36383634346635316130653638656565373862356463316430393761316366623662643738663961
37316537323161393161363632333661613432393838326337346237396533323134363463616637
62336534393030636133343562643135636332343765616166373332323731383865616161326231
63623165396236643437333434656331623965353863346166326138633836313439613836626333
32346239386436353031306538306438346134316264333630343231613935613961373566376465
64386637313839643066653361386364323063353264653833336337663564343763366637396239
62623865616362373730663861393032623332316161386131353537626135636636363738386663
39366562313133333464386637386466373564323130323130396630333465303261376537373133
38313063336166336230643436343137326339396262616133643662636437306235313635323435
65613937333435366561316638333838316538643533363632353238616663343234623966393431
30313532636235336166393965616536303232313431393234646433303037383932623237616531
33313863396436303563636532386337366531666265633337326438336434656464343466666337
66303264396239626262316365383666616634373535383166303738623732376138653339653063
64643534336163303766633735356139366432366337393230353561323838386363336432333063
63343738383335356133346433306632373765316662313236666563613663613134616564373335
30366137313334356531646537353337663064656632653066356162343461653731383333346265
39343530303134333738316362626533346265346538316330393161353361323566653137663762
31396437343634666237653866633865363834393066626564646537366563303238336236633538
31343432313266316439396566343530383665613461643466633538323734626532323862313235
37386138346463626237623865363036393762323034653032623030393838373435313139336338
33616631333630386531346532383265303235613865663833386631353166333039366135613165
36613339666538313630343732303637363530343262666134363234643661353366373664316266
37653835656238343333383633396534343566656264343937303761346133356265653861326136
63376364613639636362633132396436666461343435386362646165343732633933373330623935
36666632653636653062663436663361333261323561343036303336386639323137303562333637
37383930646363656130383835303032333866323032316132353363313436366165666130366364
35333862626135333161333337313831373139356664353664346230633266663732623339613738
31306565656366616137633135383131366138343839353438393261326432663334643335373565
33346361646639396330653431336539346263306632373264316663353232646436666366316662
64333561303264616131316633323535616265643131303439663862646164623234393730306432
63633365333561623161643831346433393262396530626433373066646534363636353866356234
34383337623763633562316562306136373637363466333933363739653031663864623131353931
63363438653237383662356665323334666636306337393966653063373064376265643763613234
37306461643830336535366337623639383766666538663735353339323139653966363736376135
33653835626130323061356232616466653239386132613238313965323935323536613938386666
66383563393464323531623661633737356238633437393161363761353931376536323161373964
37343765316162333766386434623966653635653035653031333966626466626465643165386330
30303136316465323162376232306238613638356538393262383439636231373230333866356136
63353638306331353165383036613331643831623337653832653364343365373162636637343939
39353936633166353732393865343137646562333634326136633663306135306630313337376364
35393966383866646565363666643430626531316166336437653834363062366665353439316237
37353539346436393331333066343738356564383038643831356263386539616462323431396335
6461
