$ANSIBLE_VAULT;1.1;AES256
33376436346166303039623936336463643135313837303432306263643837303537663330623464
6337393036343065356336663030383034626230306166370a666537333938623964356365326364
33386666666239623662323139643930333762356539353233346230636130613330663364666633
6562666130363538610a646632613562646235623734646135643936313962346164356664643631
38613636366635653231633763613865333235343631323436656563613439636264666264333634
38343662666138646230373564336430323934313461373462646236373365616237613532623536
66376336643562303134636562326461396363303232636562303739663438666463353032393032
34663463656435643735643666646237323235643961383064383932363631313938386561613135
30656362356232383562653534646432356333393133393732643031663339353535366463346466
64633235653463393131666138636339356666643036343535353539353932396336363235303339
36333837313964383537333034313233633936376633373838346632343235336436336265326534
64373463396534326434353530666235313036343461306462343039623031373033373462633630
31356633303835383862366639373162366332313839383662333534626262393761386262623436
61343866303062646164313037623333303465646538616431316461343864646237616238616538
34623335313530626564313934363634623066656336316131306166393137303031616133363134
31616433346530326565616630343035383131346233633637393665393063313066303935646539
35323831636530366665363830663838313634623639313631393833626438633339613032383431
65666134613930616362656439313636633965393665383239326435336332643332396462666631
65363630303333653839326635366362613163366238336337633133306235323638383137666334
30646338653966323830393036653734383738373537663435626163393432356338663436396664
33616632393032373366363137376339633061646662666439383762343965353737626438666565
63303036346661326239643230363232626235393832326661656336393666653861373264633462
66333663656238613735396665626562666164316230616161613164363834303334653334386166
37343162313062366235353061393631326233623866643035383738303563343430323432396537
30656137323833653331343133366233393664323835386162646533313865396239313737306238
33396166633465316562393362303961313064656335663639393866386536666237373136343366
35666435316138303435386165666661633739356437323533346338616639666138333137636465
31386465653033343934323536363432643336333761653965383138343461343433326466386633
32336664323137386530366464653732633235633437396264316237316461313730653733346639
32623562323638313531323330326636653032303835636564633832366262356364396433356236
32386333313365656534326334343265616562346136363837653733356433336135346238653462
63323439316236613262363164363462656334663832383432323633313233393463393537343532
30636531363866333531646664376132326339623064383333386362393934366665323038366163
63396664326265626531643736633363303762386133383966336536383730363665303061633161
37316433653830366465623633326261636566393639326339636536616664343736323330666364
30313035343234623734646466373235646562383838656539363665626238346135333439363864
64366461346630666334653039646433316330386662663239323766646437303466633737343737
30373362316437333637326161663232343233653264363761643231646166373431616533656635
64333764613437373462343864323965383830383436643634346431383933376638363936323933
37353337623334353437626562636532666230633237363265323462336437623433383133303566
31373937656436363332343363323432633566313239303866383566333363326639376161323762
61346632643062313966356337373566376132306130396233373230613237663236383735616132
30336537396166643964396639623166323537646237383532393039383330303037393864393536
30343134633730633330363963396532666238316466613166623062306634363337633830343163
36623937623565326265373765343732323434623638363639363538303065306261306262623334
61336232303839366563396538303932346664343639396234393339636533316239343635633533
33383165393132353565653837643064323639363861363834346533373936353833376538336231
61666230313165366231646263366533663939303332663931363034366333643732366239393163
36613738363265353431393537616465623038633137353036613039663663363864333131366238
39393861366564643061643565343465383036613437656633626364373736343337633862316434
35666666636364366261353133623335393162333764353966393034343332663733396465376136
34616162313863353739393934376234303231613939343966343962323931373732336636376363
66666135363662636637666538356263326435323433313966333934646161623265633261656366
39303735646362653132633034343839316632663838626462353135383832623438383931383332
36633464626230323766303730303061363736616461393461393030356330386630383633353936
65306531376139366664356430633364333138356631613166303735363833383338346263656439
63343333303034323866343435393731356334386333323664636138646637663262373736653430
32306236383532316530653630633534353338326236396461353537386264363463356333383430
63663366643066353431613061316330396132316533343937353236383537386233643961353837
35336437373139356364366363393961663639343537646633323635666430656130346265376430
34376131343861626232303039636666643062326533343463623232386634623966633566316333
66316330313430353764663638643335343031323731323364346665336364393362326130653965
32326564323965616433663063356464396335386164303962393865336638396264663438363230
35313338353433356432323032343262366330653332333232323364363062303839633266353739
66356563663066643733623834376634303035663434383263613634393530313835613039653030
38356531346631323536653234373430316236366432306164313435623031326330663232326161
32383136663833653262326136343339613665643564316366663566326436333832643664386361
33343933346137663763663263346233323838303630663065633066313464333163646437646131
61346134346631633535633163343964396436386366373634333130353062343563346235636265
62376662646130646535393037626436353264313933313538323564646563636434333966313030
38646531366336626235353438646137616230306665336566313238373165363166343730333531
37386538323563633364386362643062336264326437326338316238373166306462376563366438
30353835656132316465653836333635626464356633343136653564373231353832346663313730
39303936396435316335303533656431313235363630346532653139653532363866393233313833
36393938366435653863383730343562303264366161633739616362373138383531656137633534
35333434346161383433336261663933306437626436643832653534613034386239336362663864
62363532326566323864386337373332613662656538323435646565626132326363666666653631
33386336376138353964633030666230313163383566386563366232623632383365336332616634
65626631326365666635353433643033356565393034353933363930393962646130376466613463
64663764356663383737613830323230616231306233323463396233653037393233333134663030
35306135323231313631333463633136303735663436313336653063383563333962386163306539
34663138353462616532313037316132353338616135663961363031656533306232343332343364
61316362653934613165663165643530393565333535336135653765613932386436386465313530
61613030626130333138623263613538333033626437336364636563376130306266346566616537
61636665613532633434626466366366386539633634666162373866383735326361323035646233
32656465663831323332346334653533653138383737333962343534393538393963613761636537
62656362653966393130366365396166313064303830623063353535343561306465396664326632
38386330626431386437616431363438646339363865383537636465393937353533636338643338
32393630316433373739633431626334323161653330383430303735326530663937313030623362
65626164366232343230643630353839393032323835646263323235633339616631663632313139
32663564636230306632633633316137373138393833346662313331383466376165663335323233
39356365323762633439323939373432323464323233643331333530613632626339343338636239
34326436353035396130336132343761653734633931303362346531626566363032633762363861
33343234626139386530383532363534643032303764373065343432636430323366623830363734
61626237633530363430303832653665316335666363663964666332636462643637613162306239
31343835306162623865363363316466313639653062636236316361383232646263656263373832
66343937303537366664383539303331386132643966373032643463396537373063306530323262
64623338626566356438313432333631613935303338643832383132356130643037656330303532
34663835666436616437323734306432313838313866646639613831303764326430333632306436
31313661626164383762366361643633336162663162623536626230303634356537316331383234
31313963613162346331376338326466363262306464393765373835323033393861393432336366
38653261366362343134336464366466343539383562653836393833613436366231353764313965
35366533663866643237343934643039323130666132643462316364376137353933373434653039
63333639623666663734613766613765363833313831646361666230613862373331666231643939
38383062386262663731393361353561303338383265656361663934303463386536303137363534
62353462303236366363353833333065303833613330333863303931346636336238653662393764
37343964383161373339623033303766373230613135626238326263613963616438316133303563
35313161323463633561613962303066306439326339393334656465323762343332383666336234
63313636656364623136633766333064306337313139356663616461373934306230306564396637
64333662626662383264656163343065623965303863323139323537306634383832336535333563
35323531636639663262613461343039643162346262623437366432303635366439396138303435
63333539646336653238366665353739646138643039376161333630646237373462376464633764
37356433343334653765613666383365613432616331363563643664383864303766336137373132
31343233623530316332633135643631323135313061373734383834626332326534356162643134
39376233633261656633336165663830636566663339326161656162353463396239613530343539
36616135663035616331343833623539356232613131366364313866383362356230353239646138
34396535633038396630323132613232613236653030373366653138663734333562363961306561
37663861336637336439323332396237343931363936383337326432306464373734333161333335
63646532306634373062623532366333613436363636306238306266376637646638623535373362
39333334643032326466633935396431656166643031306638623439306437333262373635653065
62613931343939313462376463306461633762373038343433653264616363363739353364386263
66663437326437656132383931346539396164363530343565356365663431623037313064323133
31636365306639363736643262383564333532373166653030653034653739343535613832366434
66303131386363623836336330326263636234366434626435646139326235386132316362386339
33383533306539316437336134333733333530373363333664363661663661646466336132393862
31646639653865346564333334343364333437316366616437366462393231616135336533653665
34363737363035386337313566653334376331353533343038393132343264643836376537666339
63306230366639666235353133353333653034373766333863666437643331393633366365656232
37313432393166626366643963636637643232343935306664653535373066303638343839346565
39363133323238613762316364356639313165646332323037343532306336626333366233363164
36386566646238653533636661356631653765383233383237623765646231393430633761373962
31306239353034316661656333313962383536343766313264316137666465643137633463653736
32623266303865326634333134643534303763626134646230616635353138653439383736623130
38633138386239373635326433643136343135653461363662373961656538653066663863386137
64636332386261323430313132653061336438656633313730313130616136333161656633323430
39663539626634333430326234626566646566383565333733363864343339633166643466613635
34393131373762666434366532623531363432353538393937393338333465383134323635383464
62346662386134393335333235303030356539636239373163653663343436613964363435393262
61373833353535363137353564333363633839643638663030393564333735623438393262393266
37353834306538643439633336333365316637616236613739646339613338626163623564623161
62333731363838663437363936653862643132353866303236393134343232333737356163383031
32636166306364333932636538656464313363336633653831346365623761633633313539386639
34303237343536366537636430356635386266323362336338313263393133383930633265376333
36373463326563313739333339376661326135663464643338316362323632316630333535303839
64626231313639653561303964373736363434613463373934663731336135396230613565663237
62653533643833303064643938616236353061313863386334633334366364323532396338386565
35336363636330353632346665376365626566363961666132353333343733376239656133623361
39356535623330623232326137313831666637363564383032323631393333616630376631653163
37663537333538626433363361343137316139656364666534346331363962356632336161643837
38633464383162353965343065323362633538626461386661373361623331373535306164306564
62656437646330663532323961613532303337363866656665303435313261363238386630353962
39663663643335386132623133316462396463336166383962663730663232326434333434373066
66643662376434666161343836653637323934626165656131313334323963383832613637616663
36306661313739666634626336636639343239333734353838626534313138373530623666396237
33376436303462353035353137303432396462343133656338613363666539623034353763353435
36643137353234363636346635643332343265383165373730353366313134366631393232343666
35333132376531613739313562636431373539393337376531646635623133646631626231313036
36643930316435343261663031636263383661623938623634373038313539373530346634656138
35663530343461336635363735353536373261363062663161666466666233386261336364346230
66636466653261346230633138646233343439343637326335653936316332623165633866616637
38383434316136373264303434616461646333636261313135656530653231313132363730636637
37613230363036363337333231633961303461663133356132336661353633646239303236386631
31333636613366653366663835313563393562333761316534373937393137316238393464333636
35343332613234373662616434623464323939653438356130623331333064373264656238656438
37646135323461396538616332353530326663663362376262633463353630306634666361653537
39316434316136316133313332346333343334313861343238333736383362343633633935383331
65393066383137383336333132626333303333303737383930626136633531623130336331663536
31386136356666346637636562383231333966323430306566343630336665343464376538646139
61333338613764633630333064313062396138613333623736623938663666346666326531356435
31393336323462366138626231316436613761363630303965303938343633643532333636353830
31656164636364366364643263393465353764363663373965343234316230393435386134643432
34373430386531383530306133633532613139626232653636666562633961633761613131326563
61626231383533323965393065373062633837356561303762306433336661303962343238383533
30383535376165383530363330363932646466643536653137313332396338306430666265396366
38303133653365663039353463343064323034303330656361373231363865383266366332616361
36653761363735346537386366386266653637326234313561656663613236633636353531656339
63633536373633633532333365346130636636343931333261386634626634356161363931643334
62663361633539303838336137366535653363363631343134646564663461333134636335613430
63353838333835396531643361393566666632316565346533356335353565323530373538633562
39363430663335316165306635353134623930323239643662646465613363346665333237633632
36343965643866613635323835626338613530376465326538313666326233316639346563376535
38343839343562663434343131613765613537646436373933326261303233323830383166663931
30386433383830343531383263623730326465623564376233663032373663613730303332366363
63633432343962346433313937653334663031663864303863306432656162373862333761323862
63386566316138656362623630396462656264323762373766633538653535383938613665386537
33303737656630643134613037663630313866623763663735663662363135383231333036666337
63356663303532333835666233663664623963396635303434376431363035323464353231386562
65643432333636306664666663633039666364616165336439393063636331316463383763646430
38313437366437313266393731363034356164353465616365386136353830373030316663396334
35376665353763306665313337313730646663653564343238663636313536386564356237343165
37633266326265623736613236376331613737383135326332333238396661356134613361313938
32633831303930343061373162353937623634303539663532323031316666653830373264656264
37303763396666356661613464326434363163373939393533323162663934633263323537373837
39613663623538623333333336353166626434613131383530666231393939373035393431313035
33356665306361633633393436616639656135623561616136346330363035313865616639623439
32616631646134323764373930353861363861306234303961646630323762346265303535616534
62346333393065336230643935303430393534323931376438353737643764343865353263613365
66393632643561313339636636623965353036326462373935303732323136346166313333643734
38313836633132663931653138626537623734303933393965633332633038643937663936356239
66666336643064616432663937373464386631643538363639306133343236666130393662636335
36373130353661343339343936376532316265643032393062336261393532336234346534656432
39343132373534323830643133626534313832313135333634313039396665326263306236343730
66366332643661636632303530616331653631336464383862363738356466313033616538363039
32306461646136653966636235663132653838383331333766613866613763613635326539306266
35656331353265366538666339323761643439386436303130363566623336326431653530616266
35356237663263333463346131313463353162383139353162363131613637356235653431376366
31306462363966653363366431633636343237666237303965373738613563383433353430663163
63353336383339613233303761346334666433326434656364316138346562633964326237343239
37653838383364623130363733333230333231303033323937633061393161303966653838323639
61303863646665386134353735336563353461656534666162343931316261386361613531306232
66373366383266643632656162663034303735613831393866313463613136306132356136333737
34656463366464393163333935353937613262343738653362386539346663373430636230666531
37623263376363636630643939623362396530363962386537646532333132663665396461636637
35666166643135326234373032613365303036353661633530616365633161663236346463346661
34323030333537396236626231383331363332356535636336326362313266633337636430623836
62663934396138633935663465346532346164636165386336643438313064393831383661393566
65313136333730396636343335643930306564343135383538333430636265363032633964636439
32386530393437313062326466633862623063316236336230623661386334393666386166613963
36303563313931386664313663383065656164313435623032643362643666393064323535653865
34653366643732363262626264346264343435343966353536653334386334636431336134653261
35346236393635373966383535643534303937333333306165656633376235363739613333643038
34613535336663306365333861663863623737623439333036626332376265636236306333646663
61313566633231396464333462303063333665623237393665333737373936626231623133396461
32653562616531343163636630323134356439306366633361633137386466346561323136373339
35643530623635376161333330353639373066356136393461393662376562636261393739656233
34333630623835666430643362363235363462333666356462373735333134623063316261386533
38313565383537363538343463356666346564333337666264353432636565326366663637393338
39613833393230393230666638313230353964346466613231333630626637376635386536623838
38376365383561633166303865343438383563323238356430353736383539656562343465626665
38363464383334636437363736636661353130353839316530363732323736646135353037373563
66643564633139353435666666376235616132393538636639303236343237343863383361303565
62323931336263366633626433303462613262343665336531306335306434633861623566346563
31343762613431333036323564346332663137313637623730353739376161376164376530336639
31653163373262366434626464376236356665353834643233643564333939303934636233613532
34653633346634643162366431353939383461353337306363653439386539636530653664653232
63656662623339643730373165316661393634323436303239356465623464353564633332313363
34356232323031643137323336623762376463363661656331653830366435373765616233663064
36626265316139656263313164306637613432303731316638636536643739393732363439393335
38663732336266383736393365393737353538366665656535366131336339333931643134376465
61663866386665616635666339303536623537396430363636616438393566643734383465633162
31356438396435343632353538623439643162386364306235633364366362353961306630353464
61646232623235323631343163633862363865616132613831666130636538336562313233393162
39653630653831643066313061633436303930626131343038343736333738623838333965363137
65363965613431336230376136303435303731386439363965646336336364386165613530343135
63313862333635353763346365383636313965366435613334663839633330383532383865313163
39633066636330373234626430343639346562323537376162643038303333646563336238626565
66626461663535643634663637643364346230363662633830323864323035303664333935643062
63306130613834306631313363356238383363336435623533623135303561383835306130336630
30316463373539646239353630363134643363363563356135326337653835316464663166626634
62376336636133656434353034656539356365383233396435393965626361383332393565346336
39666231353936373764376563356632393566366562643038333165383064646639373331633538
61326232326233333736346666336165626532343961393262633036653461636534313763623638
61623366353761396533316233356466386235623365313438656430373132343066653763303237
34633063323266313739623839623761643838656432623837613736336332336564316661616637
31636238303839303966313935663563616563663533366563326431643231373930376135343165
63646362383766323266356236376435313038336563613836626565623466373635353366353330
31303432663562396633366632323535333436643537336561633639643537313633623666666565
61306265333063383066656335313132656632653062396263326161333232383961313561653163
37363034613262393838363362626339616336613364303737383064393031313230306262613338
64303336383464326435623139376531316336303739343138616562326461613330633130303930
31363334383234383539346165363831623036366130373230666166633439316538656637623435
61323231323837313664326563383266653232323965653866323363633864343661313630323966
66326536373766353064323266336634666535336435363264386130323237643339303634666335
65323436306231373334643666386266613130643266616139663731636264396266383031663333
30653364303831343435663432316538623334313638306566613863313436313034353931663137
66633765616631663739326639613366643438623636663831623838343866363736313035366339
65623437333838653262613336616665346234386231326333336638613662613361663930383236
66383337656232313839306661643564363465623930343031313835626364343436663636373538
33666262656437626264653365396138306264366132333362343434653734353531653336623837
35633562303939663337303431366333656636366332633638343962663436393937636437646466
32366261316461373361356639633466343862396435623266663561363338656265646532393530
62363166663438363165336363343331323530353664663965313362656436663932343264633939
62306137633335333234313966343031363335343130303439653531343238343738623631323262
34646132326136366436363766356436316366373965353530353330346438356230343066333061
32666235303839363536393264393365613861383337373234303033623131306133613435356533
39653939376530643238383938636333613162616666393333353832313462663539643434323334
63376636633238376433663934393930343234373764383662333139323763383133613965333735
36613031346461653731663037323835323666643831383539356538363437316133313066663531
39313265623563656637376632326461336230623631656432346632373565333632383736313734
39353965383034333161356466393938636333376134653563356232653038333735396434363466
65323239323034386331356563373435663363363964653535636664666361346165643438316362
37613038346433376132646138353539386361633361373063623564653862366163353562646638
36336337656437356636383166353432646431346136386638646162393739323833333931643761
66633739343764326235393130643037666364303163626465663066383535376461383639306161
64383233643634363536653631343365313639316530386339633862396636373633373939656438
38616330346261323664386134623235393038623937386266333735393530313632646430363330
32396462623533376239613661336230336161316233383933393061643365666162303466613130
33343435336331393461623862343331343737386633343035303662646633326139663239313061
35356139323966396632626336333337313331356533376235653965633232656636343963373437
30636639646664336435363230356165363234306233626533346433663338396537636538633836
39373635646132633633383634393563333235656131396565306137613364643230666162646361
34343634336666336333373234616139633866336439356564616666356331306132366535643563
63333931333261633165656262363031353734313135663866396435333466613333323936633831
64666131656563306538303566356165653732373031636232653633363461336261646130313365
36356632373735363535356462346661313236343130333366363963373231636432303166323435
32623664366332646333656631353435363463373439386333623865626361313264396666323834
39663165376363633839383139316466656463646632633632333035623236356262396231643662
32646434313736303461613539653038393534323638393662383333336362353166663434346232
37343766336631353461346436316162363130643865616464366335643338313736393331303766
35666563663466613264646666303239323566643461363464626364653339326635383038623035
3532
