$ANSIBLE_VAULT;1.1;AES256
37376162636265376338313665346433613030373230383437356136653430373632633064666266
3630343130343535346438363763313634643239613664310a316536306665663937383530343339
66363965643534643638356439633865313731336261326665373663383532386461346438353439
6638666634363131320a363137336538303231663562383162646231373763633362636363373030
36306435333037303232663633653330326539316165343661323435343137653062363637626333
61316364663435633564666463626238323637343062323032656336363436666632366563336263
37306430343366323734623838383839313561313838643834646232633765643630393933356634
33386632333735326138643532383231643131313832363761633465643832306463306232626536
36663264323233613366336634643639333362333937336633633963316638373933393165333838
36383635306266346633313734306236373936333331306362613263623439643461383463383533
63626434663832336235383563636663356631336565343338363161316464363333343034396238
34633462316332626433313930633161336633646363616331636565343933313637363838656266
31323664393263336664306261623338373764353239343162356664346135613538396635626135
32646130306138346138623363336330626461366232623735386439333330623033616164626166
34656166653065623831623434373931356366303433343063633636623933366236306232353065
35653665306634666234303333373732626439303966613230653331313166383866336465313136
39623930623061616536633039623362396339363330643834316436653365613732633263303137
35376466326438643730313963333236313037396163356431346336353563323261636637643339
64626265363630653266306565643465316432363136633261656464376365653436613163326139
34366563653265353435613033373535393662323065306236616439333836633534353730393031
36653131646532386231393662346134356461383332383133336533653033356137343863383038
33326532313039396439636436366663636636303465393335666165336263393933646630353332
62303133363564633965636664363337396163323761623631383937363364326561323464643834
34663233653935316531353532303538393534363562336538613538393038326238353661633534
34616661626564653463666433313637633063366134666137306439363736633565353363396438
33623139333564613763646234666563363938653639316563643239613562353965613934316564
36346261643132316466303666383666353262326235646662376430396333353865623233393263
65646162333734333961313839373434663638303238663165366337323739616565333862346633
35303432353465623234643366386639303939386339393136313865336337373265356662623634
39636165646462306232343631643937343437346231313264363136343031373533646131383337
39646530653837636136336164396436363361323736343437383433653362393636636432653464
36613135613238306336323666623238626536396664343439626333623036356139306533626661
39333264653931633066336530643130633961363738643262666133346434303933633931626162
36343166383038303364633064643238366132633234353836643334333838306335393136666162
32346337393034376332623534666230366336366330313336623934353866303437363663626335
30663361636634343638346661396465326263393036616466323637636536373766626164636432
66633134626564323566326161653938313263353161633832323932333131306633663362316131
61336233616562376235346339386661336432353762663534346465323564376164313666376464
39306631363265663461616632326164353237653964363536363862356236623534613065306531
30383530326233316432643037376562343435303236386361303931316237626462313961313838
34336234303938356334646363366134386633386136323461646564666239386630313262383237
32386334396135303165373663303831336264663963306439353565376330396166346565623765
63373866336266333364636637346436366239363066643764323937663738343030613433333234
33643138363135333165653836333533316566646237333031353464633035333936386230323434
31643239373162663538623839343931316663323462396139626536306462396566643331346538
65363030303133376131316335316264346663626465663733333936356137373033633762346561
39393239643530326463356665323933386566316136613634646262646536613163666130373032
38643034396333333938616236313432333063356132623130363861623464313836636536323161
32326233646566313561303934373639363236616465613261336334653936616232376531613134
31306263646362386261303131613831336134626564333738363038643738653833306561316631
66333732643865353330663039626266663635366330623131666235323636666630303665343433
37656135363639326365303366653433396331376338613938636233353239376463316564373861
32353438643063373833333133623565313734623266393435326664343634316566633861636437
34613530336337326231326332353935313230386631323065343664316363383666376138633761
34323633653937383232653431613631633662306439353761633735666434383066613531616162
36653536663039646135353162663038386333613330616631626264353164326235666531323336
35663133353135353061396530636364343230363438316565613435373237323839343934356564
33383264376262396263303661613237616261326132323464666161636436313036306536333530
39663531663635366465643336303238353332383537313966323966346661623566363031373562
37303966633938383735366561643631616664386636666365613232623966666635663530363530
33326537626666616162643730303661343665383639643263373664333538346437356633333431
32336437383062656461613836346139323530653131633136663466666532613035633035353464
66646234383130646366646333363166386239656639336535626266613865353234616334656539
36326335313638643336616565363636643136636264636439393136343566393736343233616136
61636566326131326165336263306161366335663666393364356430633934396462646235326363
66613633393762626537386363643966656436353963616239366538636434386639643463613938
33633464343361363532393866356538663966316139353062303161346330346237663239653032
39303333636135633539336438623235343336663566346330653136663864373036616563613135
61656566333262613930323132613164613031356335393331303038393435393439366536383339
39656664323737386465333132333839326635313165633035613434346431303030393137353532
38353530396639613862343435313562306333393064303330313435333062343765643635663866
65626666643938383538656638353631366235313364376138643862376534623065663562303339
66346230656335303732636661313034623931646262646263333765303537326634633139343163
38326336646233346432663966653434626335323663363261323038666566396335316162613665
63623530373566363133633531336130653633633061306339313430626366383337386363336564
30383133373437663634363330623936356432353363623735313565626461363831353433633731
35343533366130616461373461636236373837363566666135626332656437663538386237626136
36633662373863326665663363316561343734393938353933363337653666636666663633386164
39356339326631356235353565623433623332396664643961663636393338376664303764653366
64343966656239376133343837316430336132316438363635356430316433373639303930646533
36653837623731393936353936356535643937376231306434343838643136326465626263633137
66333363656432333336306331643362393166623930396632366164666432643265346264633238
61353834346463323138353165376533623236616564646530313366393734353763626339353035
66366533376231663131353066633063353039333162373065343461396639366136333437653437
35626563323630623935393831663233393439396463303365313135353764376338366230303739
38373432356139383462623732333530363030356332643037663738373030616130643431316233
64643532333838323136306236336638303764663863653733303638393262313735326466323061
30616133633637356135646164666537326534663333666364646661626630346536633033313963
39386235383231346661663830353332663438336538396539366434363533633734366430393139
61363237356366373264623131666136643938376239313963306635326336333637326232666431
64366566313533333866323431353935643133303666623261656162623231366332633435626563
64383936643831633232323630616262383338663363306561613166346338343536333836383832
35303937366431663530383931376532343030346363613161363732373131316637313464373166
37616639616537323464303730333666633439313263653238343334396237303232653330323636
65623237643661383963333830346566336333613164313163326333303163616131653839323839
31653136373030343138306430333133386566643735666331653938613432363866336332616337
65623038396665396561313337636365623564386134333236653165363362323533613832643966
35653933613865313232623138323337663538373631656135613238656135353137333465636165
64633563383332333166666663363038643239396466343938353766376465636239376131623364
39363931623866666661313961626333623630393630323832613866373338313634303165643332
36653737396462343237646164343739373462396363383063653534653238366165653437393731
39333535616563336631663036353438633462343438343365383131383536313463373937326239
31663539626237383461366665396536383132616161663166373865613437643837366431643666
36373566653438316231666137306439616361366435613136633066303338636133353335633931
61336364616530336335343637636637306435663736303964353662653435396462316239386463
37653663613764366334353832313362303034616264333537313561303333616238616661316136
64613933353464396136313930653732353161636638663531646365636533333934623630336435
62333939323731356434356665386338393834623731613532613965353833613832396664353966
35363431643439623633633061666162396161323165333839373733633133336634643564613261
31353938303465396365643038323834616135636635363131376331633937333335373538333636
30353038316439666264336630633764373635313233306637386232616464386238353336333637
63363131646134643630343137653438383161626437653333336432333262663463623164323162
37303264383565623734653239626632616662383464376666353938376532383639386661393062
39663732623761343832623064633236306337363565373437313639393632366331326232396163
34306636623064353662666131663764316437386261613365303631633238323064383338353335
31333264326366363465373233363733303631353961313861316262663761396138653238316339
34363330613365633664386331333935646438313338376232373239613739303066356463313362
39326664623330623833313638616639393130653337343835323066323035376264323035656331
33306135633137366362623133306431346530653661623738353138366132396334663136316332
37646137623961623435353536653633336434323138316535343532636264336432653035383163
61356162646530323937386630623131636262336530313031643465326135626361386661396532
30363237363663316639353562356432306130346136633135633532393239626636363366306338
37396339343131303134386639646661616163366530623261363864343133366539316363626263
35646135623563326432613064613139323334663134393434356630353630373834306639613134
37353066323430353034353762343733633033353434306334383636336430653666363064613765
33376166333766613564623533646166623536303734663832333635383662323739323836363936
63633764326464333538313837653634616237666532353630636333366364623738313039333564
34313230383038333966313936373865666134316539366431623535373436323765313465383362
38313239313661396462306165633937336334386663353662306532626631303934346431333436
37356232336430396634333136633462316561316565306165663734666435663966636664346131
34616635386334373762353231646165333032323935653838363633306361313833356236643838
62303864613930623530663761633035333965313032396263396661623933373736373562373263
30383934306162653934386633366236303966626638323837656433353762376331633238653563
30323864366165376337393962303736373264333330303130336162643837383733613737386431
62336631373264346334313933656433646239313664643265373463306532633033333666646131
31613066663638623965386463663131353664333730323562316662373939356562663563373964
37346534336631343465353164366461633264616238353035656362623461623438633666633537
35393633333532373063376638326230633633623534326464646463313638353261326634326530
34356463646266393766613435323962623333663536643262346565663966633335666466646637
32363164663738316264383339333232353232636163633265623830396437333031376564333839
65303233666164323538633764636364316665616435353839333361663764616131636239636334
36356466653666353564316361663461643936353563626161343336313237393237393935386361
37613533643533616337333834653339633439386135353062336264396431646635633462313563
31346161633337643539303339666238613630663336633539633765656336353236373930656235
62366236303437663565643433616335643432313631366566336231666131633238666264666432
61326563386330333033343363366561613762303862316339303830636264633735366130373036
37323463303366643766353865336434316237643334363139633633636636633861303336666633
61393363636330643536646662646665393566663766306335383864336131316536373166303331
65383232653038363531643533346465346364363264313336653363383965323262613864353235
36633639366633393663326162343364663137333461656362656434633361616630613935373939
36356265333435373065373361376334653639363133343465323938663232613835303530333631
38613862633731333564313536333235356231616637313635646130646135366531363064643266
34323765613161663262633438363332626163336132616463373862653462336633333032393332
30333261316165363231613363303739313862663661353365363562356139663237666231356436
38616536343937383230333732303462353461646366303238653535313632663238376233333337
31343638616664613161323234396133633364393833633538313739376465616463643061326465
32306263303737653437323564323730653731313138613732393962663739303465316339376238
66653662313736626566626136623935393664323661613239653032666435306631646531346361
35366331636364383739623462643139343664303233396637306436333162613835613061613031
32653331363261313364616362393966656338633935396130363134313231386465643731613465
39626236393933616663366262336163393266666436663436383966313635643262343165343265
39623565383932663661386533303866313033333335303165346566303732326531363238396433
35356361646361633634373161633461346638613030383634376661393337326132333861646437
36323564393561306236643666623564616436666664646565646162643935306365353435353735
33613365366162396461383665666365343934643336626239356538383866396236646135333732
63333333393437313334343734663139633837636461643231353330633036333137343533333139
32316130323335383762663863653230363635373638613862343837303639363934313730393631
66656236633162363033396533363366366132303432383866326138336333623361356462343330
32316264356636666565616535613339313163393039666138663735646430383638356132396633
63373639633135633034303435343763623037323436653530613035343166363763613464393164
30613638653338333438343565323632336439306537313032613330393636653961386138393130
37346433306166393964326465663339373830313966643235333734656563633433613235626437
31626537346466643231643536366463376632303562393832633332323331346636313737303036
30346530653535306363386530626238663961613431373065363461373932356566663832356565
64636365306230393262326265666232316633663036396662353539623363666238366630336262
62396436383431363938643838353536663035663031666634633338346330353966396363343661
63373430626364333835343832656338363832646239333739316136356332636463323434613966
61656436326230616532643638386662623435353265343438326462316664326133396132323035
65636234393263396234636564363531646362376536633435663963306264666431373230623163
33653436633365306535323936326234636530306537393264613636356566623961326233346364
66636530363531383439626565356230363365333531356331373730626561366339343730376265
37316333393432646530393061333836373532326134663864333261616664636333306462346133
36613366376535393730653834376530623863333462346231323230336366616630303865626264
35656166303138316230383666636631393839616131353337376232653363383239333333356435
35623034343330346261643739396162623563306664666536633365313363366637343463383730
66306365636266386131363135653464303037336461386330393332366137663464633265393430
37393430393936386138623733326662353131396362383766626462633363303863393933363030
32393065376630656662363136363334356339346334393332376636303332323264356161633732
31343036636463336134663366373132353730336633323831343137656165383435343033656136
32613039353966646136653436373131636566346434366534386133323462666162323966353964
64356436333630323633376331326164666436656661333661663665396562363864343462643961
63313766363164656432333931393439666664323531303362346432653932346365626538373533
64356665393634663165303833633765393062336362333737616666656336383833646433343561
36663832623736393131313864316339633638613738363436386431626436316532313661656166
33383561336261386533386533353564613763333465313039303166616361613066303264636637
63643336653430316362353132393433323633323762313734616262663538336332643232333161
38303761306466306639663466343961313439336535636437633963313336643265386433636161
64616463643234346135613364303936353065356632316236306536343937613636363931303234
63376461313235386135383833663339643033336662366631353035616632616336343536613235
65373031313733373164373133643237386463663039353465626562303863343063613034623333
35656530626563333162326138356235663036636665623365613232393331393137383863353334
65303338373936626634306230303332333335613036653735343838616365663538636135373962
34343761653630383336393930376665393633383533313737643834636533613437613364373533
33303030643633376438666433373535343061303061386562653530363538343664353162353164
37383165613136663834633161303134626536633438343965316164366536353037323232383266
63303834383931333861323835363536633333366161313866636432333138623739303337383366
65636365646539623732316339663332663463613562323530386464363732616263383136613838
37663366313736333438613763373933366434383338613335616237366334386631653661643531
31656465353962306663623365303962396466656432653838353663643463653234346136326265
66633261333035383439636265343837623561326531613632383237613736346234383236646330
36313439656435376631653337653636666436323063663530616266656561633731333365306436
35613939376636623934613130373130613430316234643638633837616536396638666538626232
31313232616131303536633536633730346530343030623134626366633363373963636438376439
62363463613264356437363665303538333538346336303838613663323961346131633934313430
38376166613437313631383236636330633830333333616532643361663764386638613132663533
37373663366233326561633437333263343766356666316632643534613332343632353130356638
65363065653565363965313962383436386163623164366666386532636538626537303532396364
65633164626264393532316435393830316139313932373532333639393438313230636537373736
34396664623235323831336366303833366664396262366366643764656265396333303661316164
35353064343865326363623664363332616631653062643761303661643432616666316338653965
63396139643363313232633761356535623235376561613130636432633235356538643630373263
38306464346362623264666531333662376339663732666663653233663239373530393632343736
38663431613465643638303230653232643562333265333839366538356232613739373036373736
38643139313336663163393962346339626632666538373666623332376464313462393865336439
61633565353533313536383138303831336133613830613162623263316264323530653961383839
30313137346438396630636134623239346464353261656631623364616564373731356430326562
30376333336633356530316332656637623161313066383730363762643533323834636662636137
39653239633863666238646131303336626134366236323231656365613733356132313539373361
30386561623135363834393061346432663966333861323662396434653762636339323265366430
38656239366263336162383562623762323039373930383662396334383636373938663031363838
63306565633264303763346465363738376266636639346364663235646362343232316261623834
36386139663139346464333836323561323939363935646666313033633964363462656237383935
62326162303034386239313337306431663538373135383263373838393164343932333535333162
31396338616431626563373664646265316234646633646133356539326131363334656536383035
30643839333438633332326562363234366662626261356233303331636464653537623462613435
66656235313166653639633066336635346638363036343533653538326366656335626139306238
35663930336362326563313039643761303237326262336435316662393965383232383431313130
36626431613036373736363765313664383431636430343438653633363830393437383734616330
37393562643563303435393362313964306364636338353234633133366436616432376133353138
32333333333562633161636434346637303133643866626662313238633032613765396561643963
38316435313064636466373563373936386439383331663138326335366433653136633963646263
38303138316434326132396438613534396334616433383439636666323435373635336239316138
63663762363238636634343863623234316262336337303138386464333239346239343033333435
37366664353833303865666664393961393136336530323339613463303138616266313834346664
37646537636639393564383632383338343138313236363739383237313431306432663964356637
39346631376662363337363565656539626237663434396237616665363866333833386232363939
62383462316165663735636538643031346532383862613937316465633439376533353161303962
38656265393265666334643064363465633237656664643938336130666339386563353964386335
35633038393766633736343464613161396233333434396333393634366365666537353561316439
65326639326231616637346534373237306434666132666563393735613733333964386635356665
64623639373834366436353066613561323434363064306433323266353330356665373437343763
34643839666130646332313337613639623366636131663064633533633936383262613939353834
62633330636565356265633363383736646135626630666431346336333437663162663364623139
66626666363738636564346432343335373961343136393231316266656232343634306262366634
38393363623264323039626161376266323339373636376338366539303130656539633563323539
63303363623735613833363433303565636230363764326134336465316336643865326363663832
63393765613034623133646262633030393532616330393439363463336634303938383763383962
33396435313933626133663930636439313733386562363333356636383461333063643438623562
33666439616566323237663063303033313130333565316161623933653138623433663335316165
61333736613666643365663233613339353336303132653733396436373837613231393036633862
39636234626433396233306136346239386366666263373030643630643830356365633238623639
30376264643433303266313635616163623735646266623962316461366537656230623862656365
30373031333839343737373837363666616330316639646666356563313531653936316636316262
65373264656364383438333034663637653135643231656463306638623062666636316132396439
38353136373033646563316661343730393730343730383035326337316561343264306361386433
63616434303833346465353232373934303633353765623836663563363861653431646261313263
31306665313630316636613864363564616366356334323063326134396636303661656133343630
62643436343533333065363863626638323963333035353138323266643432666230366632303539
35626533623730353364663061613237376361336236643835396265306630383830656137373961
66373837333364323466356639336132623538363730613866626266663633663265613231303366
33383563313963303435616638643163633234313936363133383539363230653533386231666632
61663437393638356535323964313835613461656461346165383939303861383633353332336365
33633363633836646637353032323730663732646138366262633862616436356231663961646461
66663239393862383364613239366132646430376232313561363630363430376463383036393032
36313138323630373262666264343662313339666461653030666264383866346230643339666530
61346431636539386366626436376137653761366565333230666333336134373864623061623463
32623434656365616162636464633137613264376530613865663932333239366637343836333362
34633730666464383238636433653862343935616439376231633236333366363963656566336132
31393563343561646166323737646235646333636239333132383432313135623435623834383561
38646562333237326166306466346663363432313133633431363138653731396432386139653336
38666433356430666163313633316434653239303262356266623538663165653736626638623439
63366438336465343435363836663931306164316537393233346238323839396166323361383731
64383535333736643861646334663866323063346230663635623331303931613164336662613261
63623136396632643534343235343830373832643263393337356462326239666534396639613964
61373364316464653965646235366365333532316139333430663839623635306538636463353030
32346663303266316366396235663932366332383361613737373432613235353036653263313236
35323432386437343535336362386533623864363338656165303638336137343966326639343430
36643061323534396238323266316361303862666335386135353762653536666333613365396666
31633130653539376637373662393639663536386539353732363365343338373364636130383533
34663831343638383763303531373363323561626365303537333531313864343066626238636531
31656364376339343564633539373065613061383331343865656536333733636539333536373838
33393932386432373364346132303537343134346437666338613035383631386339613738376637
62316335366165333830316139336461353238646538363430323132313735636435383031316437
66616236616664303363623638316635616133666663663261626639626431333436303263666466
38393630373730323831336632626534643535333763396236353636623563336335613863616233
32343539613034646436373638623165306333373531356633633162343466653530396632343734
65653762326438363863353731326530313561663465373661653438666562623362653862316533
37306439383761656138653465356638303836323862396362653935326231343635326563636436
39383064353237386636623161333765613462343339323066366665386633643766616334306664
35663833653963343461613534633562396464323563346630373332313730626435353063653766
34323035396464366335333461623835303664346263386263353838653530623865326632633436
37343564323033313639303963306363313838613861386666303639303831373136663132316537
38366330623066353463396232303632623263633530663633643332303631393561376539333137
64633432356365633265333864306437323237356262613266663766346566386131333430613131
31306633626534663166373362373662363961636333383638376339633264373534633738356164
64363837633166366531316465626236663739643362353236336262366161393565363637313562
64643837326234323732633462336434373365643566656662366537666262396432666133343235
30383363336438663336366338653964383162326261636564333130636438353332353763353031
64653261623939306235353430366362356266336635636139653435306638626666313362393862
37383265363337613462363530336335323662343439613861656365356634326232666131613430
33333832396535356430336431326662363163306635306533653931666134313066613466366530
33313364643433393763326536616131653762323138386266663636653833633832366265313935
63343365393863366235623263623364326363323237383766313234333133653930613133346332
33643633616664393030326139663433393065633534653238393931613636653061353935313236
33326430393530323439633133313864613831393262626533373765383338636235663165363835
35313038656137613238636132613332613334366633313463393065326433626333346134323339
65663533633961613664666361626232383933363735376539313738383938306534663035356663
64616438323866336237393132386231343332333731386639306464316237363065663833663662
35376639643338356432373033326334643265353462613337653133616233656462646232626164
30373066656561396362313330623437323666653030313963623966383266626534386235356633
36653430643539663138616264633834333365616235316135663961623739346264303138386635
31366630303138333139633066356138306164303862356265323738643038656666323161343831
35376462323534313239333834643237363230643034626262343334356331373933646465616266
64353164643736613562316236633963616333646535346633313335366132646237353433633336
65643539626636636361616561323333303637633331313238643133306164333261646265633039
39373736386233633664633930666465336264643137646232633136626561636565303732326661
32653866363539333565623832363362323731373335316138363339633430613232326535383939
66323834383731346538666539316532633664376433666263396565633531303839613039363339
39643636383432363832363133356437626463393335303065383665656162643730373965653034
37613532313730343538323237336461623065613934326337383830306361663762653234343161
36366365393833636639613236656538383437613764343563356165313366323031636264353766
64393262346333383164323637306663333739306664346464313166666436616136643434643931
33323432653461396464313135383366646633623566386563356265336165633937663364326435
39616363623864616564393761623061386431336162393561326635633462326633383865623636
39633566393862326161636162633736363834306232326138646239373132613663663163383732
35316538393435623766366664333161636439626637316532326161353534643665313730306630
38623438366261373532343531326663363136313866653234623862656262623234363136306532
30396233616364303630663539633462326636383932343533623134626537616163373035383130
61623561663034383536326465613538623030393165393261393835333730613163653834303836
66303730626166616337393039343938333532626564366565343766653063643831643463303635
31373665633163326262613831626639323830343734356337333066303638313363356132383763
30643664613938383366306138323034383339373235333965623837376532303361666135613236
65613361616263613565626434643934393935393234613665353830386133643035646163323430
33316661336461346635396465393034643764353230363634303631643465333763626364636131
38343464623262623535333933303135633535393063326564653763373536643635303434636161
35396465303136386238643334333232653635343230383334643262633063303666326339346561
36646134373132353561656439343332336539303631366634656130616536366665393731633661
32383035623961656335626533633132333832613733666337636633626339633363643339306662
62396539383834373536333762623637316539326635626131363336356233353632356331613538
32613436636133343633333562643239623937323134363738363265323834306265316664346539
39303434663666386264303532636335306135636262333137343465643537373064323735396261
39356362636161353935353830373565623835313961396237386236326564303131306335613131
30306564363237383361666239383462353363373035376635643764373736343634373230636663
30353931363366643135313965343637336566303666303135343430346466643561643937393661
62633932383733623338666261306465613730636562373039333032643932333631366234636336
64336663616431336135396432396334343938393635613938393764356665343366356461313435
30613035316439656232353337313761363265353261356563306231376634623864313032316666
33306135326266643261343732663635363039633264373431303362393065326636303833356362
31643463313561366337313063653163333562393334323439346262316532643263636562623137
62316666343261326135653632333030633437313564383762383562396430643532663738666638
35323262343331656262643732383462623230653163343562353537343135616266313134643334
62623932656263613934666432343338316633343466353266383163313639626239613839373162
66333065613063383137396230346533643561383763393133623963386232353130613436373430
62663037383333313732353765626434336261336263343037666161643831636466663163656531
36383066373465353366633733373938386432366665663238653633653064396531363763616435
33353335633062353633373439386363306334303836633363656432616535643863353039393761
35316537376635343630633935376565356539376339363563333330393665383238323535393633
62366565373266313863656539326437313732373062343433666535626564343763373732396333
39383537316565376665373030323662653264323531653937386331643434356438633464326264
38666661623731326338653561326438303161386631626430613532626135363161313330343366
33653730636139643464303732303330646431663636383834643438343737633336636362343464
37663834356631363439346436653436663233633636363834663465336661346537333466643161
38306564383935303932656264623565626466373330643465346339653365363038336263326161
36616139643061316639313638626439636335626665313365366233653262353036373037333230
37393863313863646566636466613661636439646665323964666437373736363431356466356330
37633134643537613064613238663432333965626662353535316561323034393236373635333262
32313565353938623430643864353131313231343165396666623134356564383361653230633365
61666230643161666136363731396233623039326462386335303730616166376365313365613038
66303036643331623237343038656636353435326633626537363862313766313632363632366534
65386165643736656462656266633737393030666162653731623961376565336562313364356562
36353966366432363734363335626163316262303938303134316237356662363139656539373462
64643434613631333065666563383938393936376463366162346363366639343039663065663635
38663762366561653530656633306638376134313866613938663530373634353731343337326433
39663363616561613932646137306335613333333130666336616337643831616266373664313664
61376665316366323330393236343530616266313730353433333566646233626535336139656362
31643866356365633065643137636631343936353633323032383534623333303433613564646232
63343665386665643030363130333939356537346466636330323664383233313839323035363963
63313639303436616331393035643532313861393032316238343061393261396135376638303566
64383235303731643238616530663735386238306337346431333239633431616365306430356438
62643837373365346438616530376263343831626365333835633739383839393132363537636263
32363061643335643231363465373039313139356136396133613066633761363732633730376534
32633032376236613364363364343531336336373638303136663535666162623931373030653563
36613865616534663337313666633537616232333232616430633839333936373038636237396430
32343966643433393936363866633835306563366431373331376363633565666337326263343733
64356131343533346436356339663536376537663934306635633430396633336336626231353261
31353630623136333331353333333430346636323136373134356463666335376139383566366562
37376336346264333166373965646665653234656466393737313938613961636562303264363261
62316138376466313036313734383635646163643037356236376533663335393032386433613339
35383635636336633862303232383066306337616435303466623839383937303433373037656661
34316262636561386664653233636632323562346138613962383564393632633434666366323061
35653932663239386330356637623339623533356434306465323033393830313261656464653437
63356263623963396235663661303765373132366238656430303731346166633663333236313336
65313438343932333265633062626332666561656439653963663635316263353836333437616637
38616536333665346334386462396264623164643762303665613331363861383161653133646161
36646237623363373936313763313163633334633933623466343935383035396336626461633234
63643030346161633738393361623437626334366162353032356563623061343130346239353733
65376338383531386631346430623731316132366437366431613131613935396638623437386362
34353737303139613836303336396430633761346431303264623362336365346338616536386462
30653563366539373863653134623734633961633733613737376461393636353231393562346233
37363462323037626536636362616137373562303332663963323632373366326639653966383637
61363132623661376435343561363432333666363236316166333265303330633835333362636633
65333162303539313835353534383761346432643930653063303162306536306464633661646537
65383063323230373161386132343862343361306664333064383564613664633838346139376664
33666565336235366339326538306366386362323134373833366238613839613233316665626264
39303933313735376364316164633263306330623863636335303038363762376330393538626262
62656437653538353230643132346438393839656131633830633837356639376462386664396430
65633632646462333630616663346137633138623433366333633466363064626162316561396334
36343733343730653165623739343139393334626561306263353738623330333666303762663038
37396565306566346630663331366339643965396238383035666364653966363063333933643565
37353333663535306431313339303266623966653961653162626637343038303764363137326534
34383035353736316561353963316366323639396133653533366635373137653731373231363332
66623838653534613636633935303934663339653562306132646163363362633331623332656533
36333637376336613062376334303136353936353839663064353839653332613063626466316538
32303366386331386239626334366430313538303635623135373032306632376533626565396563
35316365343035383135613836333731343932376630383633333333386535333934386135626335
37363634383232343730396131626534643835323764333163633936633331636635343165363534
61626537316230323862616136333461306435333130383634643330613466316436346632353061
37373031643830623066303566366662623665363765336132623761393930653464353561323964
30383830303637393231623735643662663933663839323666666466656632383734326639316534
37366332373465386530346237303936373939626236316535326661643130366530656637643063
35653664626263313636666338343735313934626561666433313330326330623036613762353263
30363933383365353063333538343763613264346535313961323666373932373066376632666461
33346666363634323666666436653666373066333761616161646531383334386662386237633233
33623161323937346433316632353232623139663037323666313033356333353639653865376236
38313564646266363130373461353061393739666630316364663634386439353362363564393335
39336436373361636431643131353066633938393631613631626535353562666265343835313838
32666236666666613937343733333330663835613563323730333938623633303838
