$ANSIBLE_VAULT;1.1;AES256
30316636613631623161633962626466633836343536303663386533343736396133333461393130
3835343933313430326266663331363264633666303465640a643861373234656334386639623033
61636165353330623331663963316431393236316635336636393232333763333365306634353634
3464303865393866380a323735343966666532636533363336343432363162633934343732343134
62633835663939393637656433323462326231326461343238383436656562306233373963663663
36623735653432303864326236613732623165353262663836616362656564363133653134656132
36393763393735383032363664363062333130346539353539353336666666613262393736303962
64386461393732666338626135636430636238626462323332616330636566336532633736343161
38653539666637356638386263663333666564656136326334386339393666356536333465323062
33396362666162346335613133663561623065373037363737336238336433636461623863303733
33663234346362393837363562323433383261613733393833356234653338333166366239656230
66326338623937376164333136336233653764643233343638623865303933343266393639343739
32333236313531633037323432303566313562313137656232653237663439383737653939616663
62396333326664646234623934383639356230623637653233613865303834646264636166313661
63303732396165316263623131383132666662313336386661646134353135663330643035656639
63613061643339373030383531393061343630396437356433663365393365363631653632663630
31383638363833653335663535303037613437373863656464313233303065636638306233396164
64346231323938616564636366656364623265363734353235386234666633333066396234393662
35666631653135373566303534633932363163633130373133323061353961383963616662633936
63363533656432363764653233643935326361656361303831623731663763633365656661313331
33643863383232343164663462636134313036666164333234633363386363323265313364353764
37356531666332613038356233313031393834356562656532333439656131636633323462336633
62313631373465333134656562316533623031643736663065353038333864653465356162346566
35643464343866323433323838373761623235303238393264366532373031383434343439376432
30323563343065396430613964353732633461363934396633666334666362353363643537613865
62333461663262623534623034356465643535376464313566663737316464356265633564303065
61376433373363646333656463363637626439303966316230623737376233633339636664323636
34646266663430353536393062333366643164303135663639383635353061666661363930613731
37316365663139303436316539623365326638323234303962323339656665393730636135633562
62346330313066613932383962643934353062373537396264393737353737623838383265343166
32333634643035303236356538636239663833323637333762306632333864383437343562653334
36396430303335616639326138663939363132333536326331333565633734383334343536306535
62653564396134373463343862343638336164613863353432633731613938303562613137363739
32353132653266363864383638373565323536353962643162656239343033316331336363373131
66336134363939363330613038623935346164393961303532653938383964383461643739306532
38343964356439333433353336366463303336373932323563353331653762666539346136383634
34376433343165343863356664383532323462636235313930343966393764613036613966633163
33303337366562363233666538366134343932313262636531666162303166353233656466333339
31376639343864373534663732653632343661616364303835356165366261666136653937626365
62326533306335306263383965663061336463316433363166366666363738313762663736663665
31613961613862633164626331626134616565373939633366613462333864643735626665653566
63366539306230623562373433656561396634373036666235323337643433633135393366313937
66306633383062623934646465396561653264616636393766383834623530353331303961326161
36343931633039353762336663323537623862666338363364386564653661663634343263366264
35323366646334616435363632653837623933626231666464333766306565623961353733336133
61653434623933653763393734383364666334663366346534313462343638663864306365373662
36303765303431393433386334613432333736386362383431333362633037323965376636353338
30373465393962323036663063393963376139626463663531346230376435306266386237313566
33396363653864646636313266363261383363363134313936626133386330373836366666616534
30346432383138656233323963346164663830333634306262343033313335303965633763613461
34316635343833343762666534393538613562386432383265333965373566666636653030653639
64393531303365383935373633643337613964373237663730303662323831393331313636363836
31653963303731666362376465343135653564323261396562666331666263633935353737643464
31633361386337316536386266663938643862623432373639653861303935643232393865666165
34376365316536363136353130316439343264636461653764383063356534666664363565343534
64313334303461313933376337366530333330626562383062653432346465303939396135326330
36643339363231346235373365343765356335343964623135373636626463373738376165326230
64363932616537313431663432666336383435373562626636396533616538373736313863656262
63393337633762333636653432373635363737623863316239343466353936363332326537363132
30373564623436623336333139383431313738323561393532366139393634373436393135316563
33333232653533643934306433653463376562363839373234306631313733353031656633653530
61633038623430316131643637343966613037383338653030346462376433633761323732303930
32343663323435343338393561323032346535633263306665323036623933363664346566346232
30643332363936663631346463626138643130663465623836303165623635393330313766346530
39386566386662313531373261343735323630326561376131663438646339616434633566646335
64663231653637336438643038613735383634636338363837346139326263623238336239623936
34356365303335323163336333306337303135666165653565303335373335356239353063613830
38613166316433393234363038393033663664393066343831373666636631646536623131383636
34323039346538326165363862626461663835633338363134623161376337396632356531396236
31663964643135666337616335343461663334343533363565626633303135303832383063633765
37333731303230623536393266313465353138373762653430396237346634306166613562613663
63623936383532303830616633313064386565636663393730306331616330323033333931336135
36663336363761623864396238636231316365386262393931326263646439613863373232343630
35646665326265353734636537326632636635633665633634646165316230653964653166373666
33313636636234333230343563623832313530316433616161303939633065393539363336643531
63326365613832373234323361356234383631326432613331323236633064376361643863636239
34303538613735633835346663333737356461666239336336333366353337393435356364656461
66616566393830313930333333666161306239386466353163643134313735316436383262336163
66343332653835663164646265633332303062623066663732373432386337663730333432666434
38643539363238666264346638326638343463616633323131393035326534383063386638393062
30656463323934653663323534656433653463326630306636313264626538323663336330363561
39313664616562366164383664633563333333343362353561316135393932646231616663336535
30626430316537373831343635343438336538386364346530373637346465643635323562623166
62393636333464656561643832663439633633633362373830663936636237333464663030383262
37373431346465303366306532373563333635376466393939313034373138363066353234343465
63616136633164616365653731656165306635653039376435333133323736376138336437393565
39656161323538306265373032353632333233303033323966616663643531353031376662663361
30653762313432353136623131633836366335396466323039333039376461313862636164653239
39643138373338346335343133326135353637336330303665373431623831656236336362353562
65373134666530636162653763333363373834383762623562353830346337633733333539363565
34333263363431363064343436393634303335323138646561646433666464383062343632383565
37303531643534323764373530393239346335616261633662653361616363316263376631616138
31666336613533353534653565653334333263323532396666373366336165343236356435623930
39316263363563306531343633353661643466323337356666633961383861303435623133326262
36623333663638643437383937383531303139356234306431356361653733333431353831313166
31303066313363386138303934376464626563623138303964326239626463646335303965663865
30613934376166663934373838623339353663643165666462653139653465393362623233376433
65303764346631623736623962306635376330316233396633393661656136313232366134336534
32303862316162343961613038643933613765373131643831646530666162353936323932373237
61343332343461353666393264643064366633623737376535363433373233623538663733643163
62613030623162626666336630383338353834633233323962363166303266343036356233666532
31366634353934663135653761373864666331626335303037373235663065373439396535313765
30313839646432366364326461376464666237616531376465393430313062666165323330333163
32393236376333356563373433353635653835636239376364333935613336323963303735623465
63646635353838626630643338643132303036333365663036633263653138653939316437306165
65333033386434623236383961343236333166666636666536616663396133376637393436346664
63666336376634323437343330306565653133303466653735643865613063373030633730306466
36626533633635383737616136313432666533663837313864646630333239313161643165336663
31613664346562643233333635626130383365313730383964626339386138393161656461376464
66333732353065643864336335333438373562663961656639643064613766613665383964326630
39373835326439643261396537373864303866383036656466353766356464396162383465346139
66613462333832646434363334383765353639666135663534376633613463643664616234636662
38356163393732323035373835316161366239396565356366623364316464343138663963373233
32613365313036306631306431333466386564333537663032393131616662353130653235346265
66386362643935303736643530353961633938366134353462313430643632646465613534653362
66363663303634363861613139393535323164313639363763313435303531383262626164626630
30396261643066376534623963613937646539303964633963643934323531393366316232366530
30383964333635646636306338663030646433356134626365316464633538623963623934646531
32353762616138316463623164323365363664663362643836343364623161363736613234353539
63626330356662656431373936346431376534653265623938626531323131333435616430613835
63363938613235613437333236396134336138363737653963376331633764646335663038636662
61656439623466656635313139643130636534373633626536363462386533663531626162306437
66303162346135363436623633346538393332393365323534636463363339396334646436303733
63316433373563623638373336636134633165323633376237373337333564323633373634613331
66656561393561336134393062656266373236346262303864633934393963393232643762353265
39363130656239303932306165633034656164643432656433313430623039383365383965386332
38333436663166373334386334663332366633373136333766363438643034633561383930353939
38313262316436653039646136306136316536353962353830346666613163323136306564613238
38323065656664373264353563623233343334343034386135366665383839633139373639633763
61313963333761343561616530313564636561326331343939613462323764633333306564656338
62303261326530326632393932626637623234626639393862336165313864626534336663393439
65353462376262333236346431323131303834623633376535356235303431313861613065303261
35636431616261363164353036653931663032313234643034343837336133653430383230376339
66386534613965613438383434363561663462396334663730663437353134303630653630393035
32363031626130353930616433366432386630373539373639336566383935393364376435366161
33653239663432313632353365383734393939356561326263636430623563386131333336303565
38653239346465313534656662663532623639323237306331303430343138313336306538373737
38663630626164643233626236353939323364626161316538366130663930643062393034666234
33326339373931393065316335373538313234323435313866376365366533316434613665303866
35346562313466663430383733636433356238633336336638373639323537643363373231343838
34366231396233393735633030313630353834346466383836663365386337386536323538663134
61336165653964323738346435633331336635643764383562616136646138393131303932636235
37653833653038633665303864636362363564616361643364626363636539636363646566613130
33313163306239316537643566646231323133363337303935373632653332313934333433656637
63613637653861646464616163356630386365623637616237643439393362613138373331346165
61616135316433623865306432663733303263643365363133356437363439326635346434313830
38323331326333636234386638363839336432643537346463396665656430313436653361306338
62303665396535323035313662646362356630626337323630653363366537303765313934373037
63396666643435333462666337316264646362613962383939333538346165353339333730646633
61656230303136616639313039643866346638333934313931626634626435303762366163386430
33333534616139346265663233346536373839656434633035326130623062393134303162346234
33316465363937393063383632323939316631373664376234663865346564623539376432383730
64356639623936656466346631386463323462353839323833613262353837343364376333346630
64353433613138396165613164326162613332643035313133643637386265316534346532383032
39626230323036333432393361306562326132333836653231663830373663626464383130376337
62396566303331613566373437666563643033363831323030666434376532313532383465396538
61353831346137353063323462393165343262376633386366623438613363636437356164633264
64393062643031393761306565363838333436366636356334343062383138323266383965373138
66613332336635303434643533653934383662346134653435666334363237626531393032636662
36303931373339656636323737303138343931393635623035383462366135333861633733306530
30383561646337633238643838653530386139376139383233613362636464626632323335343131
36386139636438323563343561353732666337636534393633613134386536366437386335303431
30346330383061353861306365623736616438326564623835616633306332636564383232336362
62613038323935376433613365323237303331376663616135623366636632653465323363623938
30383263306166313438626135643433343963306533636664653733356662633261643965353631
36323465383365333035343366383632333238623732303930376433336163666665613365666434
39393831346162333235333936616461303438343639356435326261643966613335316630613839
36373463663535303130303338363937656332326338616366366636326538313430623838663666
36306239393735363063613564363039633062663835653437376637393734626534396465323636
32636131306261646536393333623166643364303065653633626239623439316339376438623434
37313737636366616364663732343033373037353164663635386331643261316563613433323835
33656362393732323936323163363330373763383931356463643032353965323237383332616139
62393136643161326164326662383063636234373364353737653563636132323235656362636538
62343065356562363036633362353735363434313961383630626234633834663764626330366535
64373139396163316637353164393631363036366239363532313937363835393432303933386166
32393362616235613836386139653437316366326232633232353438633733663837666635373430
30396239373633386565383731643134646636663235653434376465653437646630353764653532
32313734343238306133666465386338393232373364653831376439653061623639653434646135
64333939643139633430356231376363393932373334353636626636303865303736653762636630
64373135326432613962643031383661353364333131353237346230663035623730646263323735
35643331303236643961633938376436323363623330653834353234363065346439666165383434
36333163323335356138303462613130363033326165623032313364656662343230666266326338
35376238643933393832663930396462363164613366386330656164666363393162333437346564
37313534643032623162663339323361653239373535633035313132646365633936373533646266
61323434306437633164623636316466353833366233653236663930353231386532386536333332
61636565303235393737316636336130613763333130336362636632366430663236656436396334
35343562383936346238616139306231353933666664373034356133366562633235376662643337
64653238356566653662656164623233303763653366656531366264323061643739663163396264
35613633623461326561353036363263386361663732636430346634383365653934343633363464
62613937663538313465323337663735613330393135333664346236656462373738636264326134
39626230383961376635653166366530393565663835323437323537366363656431393736636139
65316432666232666338323766616366613334336161656166323631646330343461376465653934
37636636323863323563326665393264626438323363333862363065306432316437323035613266
37633235653631343139303663663139623531393834363336303431663163383439306431306635
65663062323530656663356438653434376230633931303066656236326530356231353562363962
30373365376234366466313966303461306231616365333663373865613932633837306163633166
31626231366534383637333037396566636163633164363039303464643634343536363433666361
34336266336263613433616265326532656231333638656639626537373233303439666232353436
34393566383637333735643230613933353035663166666533393961656630303032353962313135
35373134616332623663373433663439326436313632666337396531346664343835653432623562
39333637393634623938383038393966346639323138393161363834653937346133643163373962
61333533303665633338363931643833393863653432373634646363633036353235353933386236
30346434653838343535383865343437316632653466356236376263383538383031373462306664
61373432646638623433663432346239376435646238643664323862316363623635396537393935
35306437393633366430326166386532326263373531386435373434306565316562393566333135
33656334643262353465353066376361656139646632323936616536363334303538643535393063
65333637663137333764353465346365326439656563636163613434396261303334636162366439
61346234393264653135306236323838613030633534613261386638383332663665346633636535
37643830623662356438396461353634623033633535383937303235346663616533663137373232
38613133383864613464663536663331366332333631383439633533333863303165663336363937
33393932303331666132373631653738383565636434303966393364336537633063363639343233
37643534336466313837653466333931383437613035303932626534373039316263656162303737
34646464643961313039366561363636613464613430633161353638323230643035653663646134
62636535313662313939626438373765666132613532376665336162636238343939366435303133
30663033386434646466323936346536616565393430616536316237366365343736653166666265
66326133383765393137396664393338343762343764626139376430626534366662326462613131
37623135313034373962306633633032613065363938616663616437363330663830343866326565
38636465346662343132366262323563633462666562616236643430656536393633613535376231
61323364373462303339646233353364373134636564373364623534343266626131383866613534
34383539666562316531633764613731643066373964336164383564643364643465353166323462
65343633353539643238613564373363343133333237343163353164396131376561316261323165
62633463306237383563383032663961343462353238653264343336383834313561396461366134
66353363633931396632666361316564383835633532303934663437663963363231363332376234
33646561363865343761643862643630306437306462336430333236306537396564333532376130
32353564336466656465353237333239373631303633663561363336656231383830313539373232
31626663373762396631386239373137633365303934316361656465343763343932333963353435
37393031646563333635323336303231366234396566633334353462313135623031303139613736
63323164643761326161613662393966393633616232656638616665386663636534613433663261
64306263346132323639396430373334666333663263653832343866663566326264653265323833
64326537356130613739303235643431333765343836663836353833656266393331313136666536
36313138326332303336616638613162636631636635363634633530383866623364613634663438
63393131653633643930333163646465636164313139616465306466613832356139653038313234
33363539306665623265633864653332353438336132613034616533346436613532316134663031
63326266613063366664373363396238376434396239326239393362386565666538313136396331
61333262623664303665386337356533616530666531333663326538636632643238396639346437
36333731663165393365323335636133303233333338313366336363363839386531656639383761
66316466633035376462666135336539666634653939386130386530666531643961636238663431
36386233633838336134663862363235663531333237353561373965343730623238326334616338
66396636653163313263323537346561393638623739333832353362313839316334376165373737
30366533633037353439326636643630386166373639623937343831336435623466363665636633
61653864623430613962323233613466353636656337333833626561633232346334353963333363
32633337303962393564333161626463396439353264386330306466613834333235363861393435
38623363393238366130656133663734333162326635333064383333346263386536376231303763
39333530656138646338393131313030373438346234373938636631656535353963376664313637
61353833613663393362343539383539373665623337353338663731396262383331653330333631
65613265643232633937306437383536666632643266643939373430613437303138623562623132
33333432663162323939613862383030616639353533613031653434353636326564373338393865
38636431303762346132663632396161623861323634663938353363633633343838353337626331
62623130656633386563346164663533346634323665313437643439636130613835373663366662
61376639386339313235353532313164646365383065336533353161303333373633363864366133
66663737313932616663353434303133653561363730333963303335623330346666346132666162
61646136626361396362373636336338643733316366653361383563653933306332303330633361
61643963373164666562636235343332313337663936623235356638386434303535653364316432
65386564613534313435643837393430303536353933383236613661373564636538383936363238
39336638376263666361626638333431666630623461326435363566363134363933333438393437
35396431383965303462623530393031643030623830343839353965633734633063326564613562
37396233316336303462646636663261646236303633393536393434343035396563383235353766
34633339373865663662643130656464386539313933363261386337333864366236326361663831
31373032643166326131656337396638633731363762356430666361333436323333333465633436
66363866303263343830663939356532646433643937376164616361643962366235383735656330
30313563653436646334613838313036623134373932306464613762323132663431386538366364
30623265323662633065373736316538633135343539323665336636653362626364623130663439
39353436663633376661666138323230393537306265663737306434623939613862393864383563
66646133666436356361336336663431336463326135393464333639653338333361656662643534
61353633383461346665303763666261326164616363326663326565353665336562636163306363
63333138343366323563613131353135633930643035343035326161373330646462643134663966
34313865656466336332643431303834303935643863333065353163643961313862336132656666
39333735373130346132653165383966316337633039356235633334633165363935383530363739
31363733343162303864656530383833343864626661306635656233643562383038306630343433
32343039613538383730653334623066333731363139323762663861376362363730316130373830
31366334623365633261386161356134336663643531313764643064643233363063383534316364
32626133613530363962333138363663656133656635376133656231633634373264373331393136
33616664643465383063313766303163626136393636303838313939323661616433633265396230
64613261346230356431666465326130636430333732623964376334643362373131633838613961
37346666306339316361646338663266356563616336313264663534343732313238623035323439
31363436636366386663623763363034306163616631323533646439363439653664636131353438
30363765373131333130653763663736663635396532363938366566393137383866373461653762
36636531623064663436663436633132396362613630633335336633303338626264343733346631
35323563383330623766366364346466653230393134373263333332326363336637303362393162
61303862393964626561353738633465386665393936323439303430646162613961663930356632
66393962393761636165613931393232663166656465346665383661396363346463346638633765
66356330323832663739343963396466616537356435363963636537383431306334316266626434
32313832656335306464393235376163396535343264383932386638396361363434313430643335
63646531643037653432313834373638316438386334323831616231333537313661373533313633
62363635363665353934653161356232353137666135333832373661363965306564663964373265
62393035386139323165643764363231313731343234356664633735303830316332303335323732
66323434366332373435363737666666366132363564306161626462636137393263396363633465
33346333363963363439656365636464633263633861643732353264393139373963643332643034
37326666366163343033313166343862353631323865656164653765623462656562396230356238
66666432383038643431353632623866666664343433313737623665376136373237653563353736
37616562396330326534316161366566326162616232316636343836613032353032316363653937
61656435643538316336363632643434666635633265303361623238306433383532363236356234
32623032326366316265613137333835643939376436656363313132306263656661363536303430
36313864373638366461613166656331353762306138313434323161396331333562333662353731
31623432383536646566366337373063396462666366666337613863333133326633343234656633
37353635346134393761386131366131313863353266353536363161656630373633353734363662
61323862336135343930306563653761613035353934633431656264623666313639323163303233
63306235306661303735373632333231396262313637643737663332346636353532303933646337
63323066396538366563656131343166663734313961323331616266636565363531353839653933
62636632303335386465643831343033343630626633633934613364626166303639356233333936
63306431356532613533353339393966616263323336316431613761656566366566616239363561
32663833363162643662353932386433663436383132363937346437643433376130303535376163
62366432366461633963326562303031353334393234316434623864666330303166343931333663
37323664383563303130343231646436313965663739666237386535373537396465376439303437
35363466636537326661323035343134643535663066383733633665366330366266
