$ANSIBLE_VAULT;1.1;AES256
61663135323335343465393265306438393730623366336637666264306539653235343235316230
3530636233326137333264396238316339336164316361330a646264346261363463306230376439
34306539636137346466663163333431663937323362306361336566643135343633343235343635
3731353431636164660a643964303138336562616161653766316663636135343362333664663430
33336635323564353461306563613165376636663666363666653765353362643936356533376363
37313961626233303038356262316533623830373365383433636262313739303137383763376539
61373332653933333763643637333865333131623332383533633363643461373561303134646366
61633031663933386533376632333135343333643132393534623930356531613133636138646430
30663238623461303637386231333930303664356630383961303937336462346461666564616164
66623135633632626335363434656636396132393137306637663936306632346333393364363230
30633730633332623166666363373062353835613866323034623866346232353139303432393436
65313235643361663139386236643036613434623738363137613535663964363566633661366663
62326230626339383730363139353662303734306632646463313733306264363565616261346535
33323733343761313638656264373236613465616266356636663331396432663861636537336662
32386431373232633930616634316565656432626631303432323465626361303731636637653034
39303961373466636535376136356566386461643061383430373231333862333362353637316339
38383834376661313036373435623532313562653634643630313432383739306461386165656266
63373762646535346566633731306538656364353737666233343861666134366164333965343561
38623137353130653435386565356565353739393233343537663638393235386332616532353034
62313933343331306262613038353634646339323931396337613936623936666632343030663663
64633630353561666332393835366330313164313962376639363036323631633335376239393331
33306439666431653165613735663663663430373561383063646234363539633162633962386435
33616434346538633661646537643535653735386539393661313635373938616434616137653035
33363166313232353634663466323764656434356331333737373436316239666331326165316262
61333666323066666139306563666366636166386563303538663238386636373761383433323330
35393232313735376262633838323736323861613837326537633665646266373135306638656537
61373133336664393065643163356364323332396166346536386131363565383166623731366565
63306462656430363339646363626461653936396633336432366462643535376563343336383064
33316665653166386134336636373533303938643037333439633838646664643466326237383735
33353534616232303136663162383663626166623334373836343532623536333962376239333738
32613338393562643239623864626562643233353465363463346639663235393032316234633837
38623437356239656133616134636532306231653939623135396531396464666266643931353666
33393037396630373262303933316139393761373732333762373330636232333265343465306235
64333437623037353363663335343663303336643036613264626231356565643263393564323133
32643061383035336262323464306361666137356433363030386662336634303839303839303139
62333138333337616239663234343836653165646534393637646538336131333031623530313634
63653038316637666330636566343439343061633336656431663336343365623063326534326464
63623265313333393739356462343066316263623336363465326362303163626132643234396533
37376365383930393764393736613066353264356231346366306262376237313330643237343232
64613165333364363831653736656532303263613261393561653935383637313061306462623731
39306364623666366566316266623939623761323238303736323763653666316566613030626162
36613566303533336137363832656565303261396330666162633939346336633438363337383763
39666161313061386431346330323938616661616136393636333437383261353865333230343134
63356661653634303263396437303230396139383933666232363839376237373762373432653131
33356631383163363634393531393037333261313634303130623237323134316563383631353033
66383565346261326336376239653065613531373834653566646635343365366232306662663434
32386362663864343236383062346535383639666437666235326135633630613938616632353063
66373735383333366231313636623639623533346366356230623832386236383430303861303031
65636364623933613139326337393830383936393636343233376232373561363463323365613332
63653033376362626339303036373639396462363433653731386165353836343832356330353437
61373939303133633063363565356439323033626338343438643531386335353933303734383039
33366663343032366364336137366633366637613462363063376262303537363334626538316466
62313336653266386130653836363735353832373362346538643965316662323666613434666565
33313563666161313263396661663663383662323439346138353666623864303837653332316336
37353962326564656562613636613261343862383430636266663130393138393632306633653537
36646362386431363830613030623138323164633632663432666665633761303431343335366639
35653466643132343665356262343339313230326531316139336364636139396539366133353830
37643331313431396237306439373234663366626330336639666164363336376565376661373966
66633361346531366430313435636639623266323530623165633966303236386430643964643166
32366539353436393161363132363262316464353537626531666432303630316661653466643730
38373434326134643436353738353136376261343437376266343466646431303437656535383132
30616531656461663532383661303831376235333566663237376561356461316561323832623462
32336366356231636335333535323366383066663265616638383938616631616537653864653330
34313961343465386561376530663833653039323331623766663861376363313730326230666330
64343437336638663135323364616531323132386464663834343339306434623966373938636236
63633862343766623231623466373132626164373139316435613463373737383434653365643639
31633537623232643332336163623530373839303761336364363836343031396364313630396464
34306362643035363966326562656631306666326133396432396337313337626431636130666633
61316630373532343534616164313730353337633239653739373661356233666434393435643462
39646137313739306231666130326232333234396537376136653037633334353230616666633531
66646133346430333538653839656565393566646638336134613130383465333534383236356331
31646434303033313666363931393961346332656264376434643738353464343333633436333738
35393835643062653561623132356362383263613437396335386633653734326331303136646632
64323661636533323161653230363439363065373261316465313034383064353233366363323663
61393437343935653164626364653137346332623532363563616365316534373965363562336562
30323338336364326332303836613639326635363464616236643338663535613466333839303439
35663237646231326432396162383663363864666237346539353462383334666237613366353533
61333565343739343365323737363461623536613638633431363330316364333664353738353335
62656631623465656265663036323336613761336132306565616332303030313364386266386465
65626430336437653437336234356635383063653935316164636634306365633163656463333236
66316535393737653537653564383032343138653134623836616431626461626331633337346635
34323562383862613936623961663935303835323961613731383832326461653265353838343766
39633138393762316266373037393934376665346236383234613731386534336564363934363165
38343437383161353135313666383734363761383932396530343633373030333733366435353465
38356564343632303737653335626534666536303734313636353866643764313738633337666335
66626338663530656630353734386565623564373838626364633562313663343437333566323434
66663739356462613438393031626136323664633063626338393431613262393435313135366237
36306233333339656566623230626234643636336438353039323333643732616133373738666237
30656666376335326663306438336262323037336636633137333232356334656630643763303165
37626230623039373563343333306631333365386636646639616663316232303965343161396563
66626634333937666661653166333735313761353161616639396361663130333238613931656437
65626431633763313139323931623362636131626630336565356266643533646239616361626239
36646232623563626636303633303136343036363231646262316163333832613262616238616165
31396230643230333938333136363331363335333039643637666132313264363534396266316562
31303038323938366132613561303033616164386334613530313464323439623862326433643437
39666333636261316564356630343034613962653263333732663964323266313330613837366662
66666164616662643832656330653063373339346537633233646663653362383064643061633966
66396536376131353736313663303333663631643466393762663131396332306266656366616130
66663737646339373663383737323437383666353434336237666462303637633561653533373730
61336336346561633138316562316361326666303666303032356537633761346337343733653331
37636537636138333333653730636433366639623961646162333362383566326663306532363634
36323735396564633463623763316130616162363863623363343237393037633837616361343538
63356631343337373735333633323936373864623136313862376163313162613065336263663164
32303030376663376165373333646264373636303731303965313733663134323738646436303531
32353035366636303661326239336261383435666638623338633166393931393133393965303462
34336565353134393066363934646565333561323835653934386132646433383365663861343235
66343536326165653733386266313333616661616133316634653065316164393962306432613233
37636466636334393334653136613035343363666533366465633932326637633236343761333739
39356434313839656637653962336166643434373830313464623638313462666538646432383465
36666665343938666430626462636234626363666332353265663338393263313766346535336536
62613535333932306265326662366639353235393834643433353935366663353763373164366634
38616535643335356131333832633764623464376166613436366433333866303062333765386365
30393666643964393262323031393039313836343136336436643038656632643335363565393161
30376336343836666662313563353665663835386531383039373739376561613565613731346338
34643365373735316432653137346135393166393862356235396262643062303931386633636639
33626630623963343034333439386538356162393561366339353461306562633538623235623361
62616539633966633761313331306539633636366363323137626338626363346466666332303561
36383661363838616130353130336633653631303761333435646630313865323834396664316636
64313636616362316161613166616332333366636234393736383634326332386363343462316234
35613335316637663539373865373638666162366332663937353364366231343266306666326134
66356439616237636263366338333563343661663635303233393262333934643337623363646662
35653439373635303736373336623065313035363961633537643631393938646566393934306330
35313438393966646563653565323533396337323262646461663138323736656663326633393465
33336134393462323636386635626533316239393661316535356664663838373639373365656635
62363036343637626433663530363535626635393439666330666339646364643931323532303361
64383166643931306334356165623362643030383633306432363232393235663235336638336235
30306434336534353834653365316366396337636633373461353430653035636635383334363332
31316265623563613962386365646365373937316632663265626364373236646333303438613665
64303666613935383839613763633565313432303462366366336230313638333965396536653361
63653335643639363231666131613665316137313464373435633838643064343036323265386638
36633261326438313836303434373935376162373065316132623465643936646132656330326565
37313938383762393239663334333637616131663764336263383733363831336163366535656530
63343232373835393137333932333734616330393662336335363063333830363537343936393662
33663465366430356136643736323232333230306366373765656537346438396233633365366433
30643565626530313036626439313663393161313230616632313437386134383434386134393461
38386236643832616133343439323037383236366464623064353862373661303336626565333061
31646462393530346331373437396532636264393137363138643761656439316439626239666466
34643330643735383236303331646534666163346534666330383239353037346437346433356138
38396533383064613133663130616662323430653934323837353764336638643835643936373438
66636634376437346531323365353533363035366335653932326464323435336332613439366461
61373966623538306565653237663731373535623635323039323865316564613433393037343835
63303038616261633064613038616635653730663836326539636232303364333832383865306665
30376139356233333032396138376431656234396565326239383766656533323639326363663664
61643962336262636133306538373733636635656663643534383435616139636335393331633662
35333765343762346537383938613336373239313335366532396638653134663730346533393130
32393931376533353065633466653161333331326564616331353930633235633532643636623262
64666535666234316432383137613337613130643634333731306530623130356434333833363136
64393362336361353163313137396533373663343633356239666561303463356534316435653433
35646231396561393666623761613630626332616465303966323961326638613633633862313866
62356137313566343965336438346137383239336438636331656362346366636565393733313463
65613739616661356263336161663463623734303866643133393335633861626234653339653937
62336661613566316537326430623466393731313065656363363933653064343333663834643535
39616132353432653865343435666137336338653536373136343666343538396263653266366166
35306535656166313164303335643266363462386666656665353634373764333630616437303935
35613662383238316533303233656464313730363532326561626632343730623538326564366535
63613936643836306636663434643562376137333233623236343563336133373932383339396335
30303434303730663437636335383830343666663765643064663435646139613539666639313763
32643431353534346331306237653264303235653761386137346238313132303065666131633264
61613231643762333362323433653831313830623039386131316639623336363738313162353031
39386537326332313539343333396536323536653838633435303339303736383838663133326234
31613261623764396238633063646333396239656537313038363033633438346264613435393665
64303631306437366262643164323339373762336639646435353464326136646236323034633638
30373062613936323737656238303363346332376265383832393063626362656532376636656131
62323234346331643335316634646232373363633435326361656335393861656432343962313131
39666363353864373064636462366436643933303539313963366338633435386633643234323232
65396162316130343563336238323231363639633534323965373131663836343435613537636238
36616337646632383232313236393639336561393935326336303533643937303738663634383963
30633632363838653062313065356661323136353862386565623837323166663138383162666636
61613935306264646136623237306134363364343231346663653238623535313666663230393232
31643263356466383238373437303834336334336530626162363139386339323262346133363039
30356266353833623139646231646631393033346431643563663861303839386433666664653736
38663735323434373865303939633733623662613362386136383032343237343433666236613163
36393762356165316266376663313133323164666632346135373330663861653135313466336261
34316538383832306434383766323736383339666237356237386165343931653166363462313861
65303134633838643666346261633334666238373837626331363236313339646136306239656665
66343639356165666531346161336633616163343439316535323031623538636330363463653862
34313761653665313233656436663662356636323330623766353935373637653466613532363763
62636462383637373330323532323264393132343831626465653162643464636232643138333434
63383331653231623366613337373764326137643434626232343266376334343139333134396536
30653430613938386634653537633332373465393333646137303636396233643065343863633261
62316362656437316438633964343264383162356439326561336634636564653361333133343562
30656132633166366438323232323363636562613633323135326164316536306539326636376336
39343639333431613264396164633936616465333861343466633731366234626631343538316565
30333835363934646438653138326131343935343436373933306135663231616366323235386462
61303034613534633466623633643066633634653737333631626463613235383065653435346337
35306266636466663435353964663331353835343131373666653265393965653138343434393139
34663562393737646630663235623562336463616634643838616565393562636636663066626436
33326265623865616330393136333539303464656335373339343230666434333837343264343231
36316230626563643231656665376165343462653131303265376538336632663034333563373465
34313733326434356161656630343961303164396365386265633832636430636464373036383939
32653462663732343335343837623732393736343234393032663061613565643034653931303135
30623236366138386639636333356239356535613530633666316632313936313161303766353164
30393633396161303539663630373662626463353765636330386334663239343532383330623139
31616162633965323934326139356162303836653430376339323266383565613932663137333466
31633166613938396336623631613030643763333331303332633665343034633162643863383330
39396364346630633436613532636539303364646331353530633062663737666466623661313030
66356662663564323261623530333037366533333966303262373631623337356364373466346263
35626161653066376131636234653364636163313530616338613063326438623632616362333762
61353962623130303866626166383234643733613266376462386433666532636531303065373261
34623835316232616137333433323831383831316163366666373865313639396137393332333739
66636464623937306262303965353763663237636364333137393038396434336164323537363334
63663564626434653031373036633539353134383036386462653063633563636365656163393135
30333766306264386639626433636638656433366465333533343864343861393238366134663764
66353538323236666231623532353630313465646635313238306466323734363162363037666230
33613735663839313132353266353663613134623136303937376536623365373136373433393234
66363834373163623865626465633131353062383863376534336334386365366633316265623265
33646136613361336162653138326531373763373133623735663338346137363361356334306561
63386537383265333166323666363863663563666161396136366435373032366230623961613838
61626639373736346236643865383931333936306262383836326636343536613037336561633030
38653063636338353139313634363665643333323139366432396366643538636238643331616462
31346666613161353038326361313665356666353737306432313631333339333633393264313861
34396665383663663530363630616566313164303066363264333062656632373765393261353634
38643963373831323765663762326266353432306534303237656431383236323934623533663665
32663566336536313963393030626332363936393137306536333635343233393038396365313037
62333666643134326635663132626165656337623032666635613136616264626566623338663234
63313333306332386566356534383764316664633631383039353031313565613862343536336330
30396639346130303363313064646636646535353435323234646638366434663761363966323961
34313162663034613566633363353732663262636337633230353963666439386161653466366162
37643236383730323464316665323934613732643632656437616639653365356630303939656635
61383230303634383534623332656234313164373037353035303166646632356239383930383962
33326461343634666361633832353739636562326433383964663939613365383833623036633531
36386264306632333737316135303639303136656163636531363831666561643639333364343364
34313039633432303438326466383262376433373364393434656261343134316331633661636434
64616231643662383338626233393834653163323537353763653762356562646630306263353530
31313231323164653530343863343535396464393362306236316565383866643463653233346136
61376238336238363230666263333032326433633730323931626663393866303335356664363231
61623361643335303561383235306430303331343161356630303966623337313362316162323964
39616433373231653633303137663261316339653434376231616462626134313637613035303036
37333766383432656433396334373138623833663538616538306136653663303162383735643833
32663363383736353131343366336266323930343232626537663262373765313463383265343334
39346264393638306631666334386461343438653335633732653930636262636464363030373763
34316637313338313466633838386533396665356162306337306538363338366234313634633534
30643666383638373930373630313832623431666630656133623165343163323130373264333861
65646436633534653434643036303737666362383531333733353735346133626265353533663566
38343362663535633166616533373436626339663334663536353763616464333231356139633138
30336333306561336566376533373639636363336330323934316630333062356563643330373639
38376533313834646635396639653566396364393861316333653236333633363065393665326533
64376666303136636633366636633262373236653834613730373337653063333133666539376134
65636663376436643039353364643464353766633263663234356361343338326235363833393036
63613665656532613839613630383235656565336434336335393965613330313033373164393432
37323539613165613963383532353133373961373030356330653063666466336266326533633665
37623063663266313638386633623765353032623962343735343062653361613663633938313562
37663366653136623266643332366562363831363939666533313736633133373332623439333134
37653062343432366637313463373030396133653937316638623836313931663235356339323131
62373538633836616532353763616337363139616664316636313162363361656331306132653466
39633163333138623434376562363862623637363237326135613461373865386137396235353761
34363937353632363134663937393964313836336636303565363964373935393339306238396233
66663861386564396363626636653830323032393136323236633134626337336164373039343333
64316132376635613561366139666134633733313939653262633232656239623032633636643036
65663665306164366366316334333766613535613732393363313630376231626638353532393266
63616133653930653330346133396530323430366566633063633031356166303436303033653931
64336666653236633862613665616336656531333066623861623331656332663533633231313565
36363762363462383166323565373538343562326432653161316364313338663963343063376465
35393538613666356461386161613634663734653031636139653162353063343236653364633438
61323638383431393663656261643530353766366438386164356166643533363039363438346434
61373334313764393330386362616133306234376434623434393037653361633732393866393163
37313939323330613631346461326532633965313861363330376433323163343236333339633338
62653636363536383033356234316338363839376236646334653235366135373732323039636164
32386236373962336136656333383737376536316661326466393766643835303063306533376434
35316637636434373664393138366630346631366161373333613961626532666637306439363637
30373763323861323032343937346266383534643136656432613931333737343838356632343731
32336566653266316361356564393432323333613866636562396236333039353030303962626530
65336362366165356234626437323066383231333734313532383936633630386333346365366439
66633165376261373936613037643566633262366636353062393430383430326533393763396230
30393463646530326433626239363961623864323436643962633564663032313562386639396364
31396131653261396632396632383438643030303231623730303162636130633564303162663962
30333738666136396365343038633563376432613533626231396632303639346464333366666233
64353835376131323433383235306364383335623634666235386436303730666266393233303238
64373233356539383061653066303431656164376636356638323931386365656130356663346532
38396463653631633962363964613635346437643537646632313063363166393239353138663461
37623535663632323966336561303436386130373639313461643632313931363263373037663831
39666666643732363164386239346334393462326439663539306666383964636430346466303031
63343232353137336565633738613765623764333561323562633364396232353434346465653132
31393661636166666130613431646134623033363038643266663738653939333565656539313335
38613337363465353932376537653234353538353564353066383362376366643838656433393632
31383135316337303735633333363066343838303961333734356163373565666137646162333366
38636636336130363838643731393065633065383739376163643763633565313934616565636562
32373132306138623263393663346433366161626566613333626263363835353835356435303165
36613131393562333435363139613465653061636561316538666535383166663630633231376661
63333462356166626432393237616531656639663961643835316166346263366466663435306638
35316165666137643931386666633737623734643831643739663934626539623136393961303865
65366162616666646561626438653839303831383932396263316661363230396432316134326561
30623338663165393935303439303865663063626532386364633063626130623333353236636364
34653463336635643238383734313662613036653763376439653863346564356335636462326439
66663863626236656533633365333437313238346631643561666563306432306565663939316637
62373030343361663134373566366164666165663762656435643863313435636134636632336538
38383861356164316633636630346435613962666134356566633566653339623861626538646333
34336263666131313762643366303831646466633131616563326364393363333230643162363034
37363238356334623135663361343964323063306630666135373735366536336630396136316236
33346662313337393066353466643731646239356432373736343032633065623936633031343661
30333439636566326566383331336639353565326635346135366633396439306130313961386537
61633663343966333638353832636566393230636338346462633935313035633163613739636562
33636538313337646464333866316364306466616231613330383736363837323763393734333735
36333365323765386262646630626536666631643236393163356263393363353332346464626434
65373363376639643736656163393037326363633135363764363361333732336164643931393832
31363465313966626137356231393937353930653539383865333166636234633537633237343133
38656134303965386638373464613764346562353237343461353335353434623531636131313131
61326436366431386334303932356664646263636666356262363135336566646230363362306337
35356633623938353163663064636566333661663962633939336430663539393965613334653335
38333164363538303232333366656261613432393834653862356537373461333533383162356263
35366331383536316263616130373263643137316539663433656138376135613738646139366332
65663731366664383934303839636538383162306265306261336466633036666338653937616133
34383537326334653033373736316364373134303761323539326332653236343136333033306165
34383462343664323863356265613733353938636438393230316665346363306536313136313934
66383663373564326463336164666234306138323364313466626263373534386532306437613462
38633435646361613134616661393937386531656533336662346334343936636237333235373865
61303966623434613636633864356361303438313030343431333136316135393062383035373537
66333932323263393230393737343763373531333731303937666162343739333262363334306638
66383362633766303134336562643963663635643262623664313930306135336238613363393731
31303837343166376433373633336663333133326465623862326436343736656436333866343136
35643261633235653863393338333730363837353333646236343263633836663731303166626433
37343236313561613834633864363761323563346235373030656132343964323263653339363262
31356638313132323635346665623935343537326564653039623836663865656164343861326465
37383363383531376332633732666530303636306262323165626433363766343261626465623335
36313736623432626564656336333730636331313338303961653161346362633934623762336464
35303732383634366661306362323830353764373635336432616566393938633833613963386633
3662
